-0.620496
-0.592106
-0.747225
-0.757
-0.690951
-0.62406
-0.106277
0.238943
-0.0881948
0.0214879
0.105815
-0.102024
-0.170665
0.0244897
-0.100152
-0.662656
-0.913133
-0.46462
-0.190546
0.113708
-0.55983
-0.598277
-0.719188
-0.618998
-0.419675
-0.144765
0.396433
0.633983
0.407966
0.422445
0.459097
0.39701
0.441822
0.29945
0.0126974
-0.192626
-0.0513925
0.101191
-0.0351989
0.26738
-0.559839
-0.590098
-0.628882
-0.571121
-0.460427
-0.199123
-0.0183542
-0.087103
0.00731825
0.0828392
-0.0386111
-0.206797
-0.191903
-0.28069
-0.404144
-0.101835
0.352473
0.147663
-0.290211
-0.416681
-0.709452
-0.668329
-0.692909
-0.743138
-0.733114
-0.584943
-0.706426
-0.976371
-0.808667
-0.674035
-0.754187
-0.905747
-0.875827
-0.811188
-0.89947
-0.737104
-0.516205
-0.523293
-0.497753
-0.567583
-0.574139
-0.623204
-0.707012
-0.780296
-0.77281
-0.716871
-0.552277
-0.467452
-0.850122
-0.913753
-0.634356
-0.425871
-0.712301
-0.613112
-0.775658
-0.851293
-0.930534
-0.758459
-0.327124
-0.223172
-0.590957
-0.657869
-0.691992
-0.713034
-0.729573
-0.758387
-0.682852
-0.280199
-0.408128
-0.806975
-0.723021
-0.511664
-0.644918
-0.703378
-0.49005
-0.313652
-0.613676
-0.779132
-0.545639
-0.608052
-0.777
-0.80957
-0.782987
-0.777261
-0.753138
-0.761564
-0.883271
-0.816241
-0.355049
-0.46289
-0.832789
-0.799337
-0.447009
-0.631982
-0.807812
-0.610432
-0.7034
-0.810296
-0.661971
-0.669389
-0.758249
-0.809007
-0.790176
-0.775139
-0.725866
-0.720975
-0.762334
-0.839507
-0.722856
-0.564729
-0.778586
-0.740831
-0.678829
-0.299403
-0.246051
-0.404665
-0.773552
-0.84082
-0.7457
-0.687365
-0.801781
-0.707863
-0.70337
-0.748552
-0.787351
-0.78333
-0.796829
-0.827305
-0.855281
-0.604859
-0.570596
-0.817024
-0.935661
-0.396853
0.0390412
0.123242
-0.110895
-0.571213
-0.785378
-0.817612
-0.613701
-0.658055
-0.709637
-0.787101
-0.734878
-0.590822
-0.625978
-0.727733
-0.820222
-0.703714
-0.388919
-0.496668
-0.808822
-0.583919
-0.569576
-0.528728
-0.447539
-0.676369
-0.723224
-0.679603
-0.6465
-0.758516
-0.781562
-0.812003
-0.785265
-0.66595
-0.646745
-0.621374
-0.635548
-0.837659
-0.770889
-0.522986
-0.7526
-0.768593
-0.832593
-0.778572
-0.819066
-0.825936
-0.552191
-0.322047
-0.623547
-0.667913
-0.744761
-0.783376
-0.80823
-0.753953
-0.707395
-0.780062
-0.709742
-0.772279
-0.839451
-0.809503
-0.804722
-0.527938
-0.63966
-0.779866
-0.796359
-0.572465
-0.381612
-0.541237
-0.741193
-0.731723
-0.790532
-0.749659
-0.686123
-0.7062
-0.590795
-0.750894
-0.831546
-0.788539
-0.782876
-0.796249
-0.757487
-0.570573
-0.605456
-0.833365
-0.44446
-0.191663
-0.5236
-0.840724
-0.801742
-0.782283
-0.806195
-0.816073
-0.75697
-0.779733
-0.64286
-0.578565
-0.795562
-0.809366
-0.77671
-0.783605
-0.795576
-0.775569
-0.773463
-0.769123
-0.406165
-0.63291
-0.889926
-0.726137
-0.780724
-0.756249
-0.786032
-0.78664
-0.702341
-0.683968
-0.645964
-0.428706
-0.639899
-0.82148
-0.761033
-0.714977
-0.76579
-0.722166
-0.651208
-0.610498
-0.660019
-0.850871
-0.784062
-0.686263
-0.757556
-0.782179
-0.809955
-0.78116
-0.78014
-0.722556
-0.60346
-0.533105
-0.609092
-0.80777
-0.861819
-0.816413
-0.634807
-0.348263
-0.556422
-0.612079
-0.833522
-0.854795
-0.841286
-0.861397
-0.824043
-0.82548
-0.812133
-0.774985
-0.765658
-0.65012
-0.569419
-0.676102
-0.593156
-0.462616
-0.583344
-0.711111
-0.771645
-0.730261
-0.982343
-0.793116
-0.662829
-0.73251
-0.858443
-0.866486
-0.408726
-0.428928
-0.409593
-0.39921
-0.329836
-0.222734
-0.263845
-0.182499
0.0706631
0.342499
0.39023
0.39325
0.408833
0.230966
-0.121228
0.318654
0.661467
0.669508
0.626718
0.747334
-0.0858424
-0.189957
-0.277818
-0.376768
-0.369879
-0.280211
-0.193975
0.131785
0.355659
0.562195
0.690236
0.523298
0.51627
0.607894
0.65726
0.786739
0.397324
0.571937
0.804752
0.60515
-0.546894
-0.6152
-0.642667
-0.709739
-0.756867
-0.751152
-0.69262
-0.453159
-0.444338
-0.368655
-0.354291
-0.677055
-0.788846
-0.704433
-0.466822
-0.586314
-0.856297
-0.783629
-0.693403
-0.817412
-0.68518
-0.619748
-0.685661
-0.765551
-0.771562
-0.798194
-0.667855
-0.527797
-0.473616
-0.420135
-0.591965
-0.792229
-0.850366
-0.55213
-0.486706
-0.777091
-0.86085
-0.780599
-0.376557
0.330554
-0.738067
-0.718027
-0.753661
-0.752146
-0.711434
-0.65309
-0.50013
-0.417219
-0.450169
-0.437933
-0.482627
-0.56502
-0.542396
-0.486325
-0.545921
-0.668839
-0.683846
-0.618416
-0.362064
0.443882
-0.670076
-0.725433
-0.751256
-0.736859
-0.702614
-0.629288
-0.56833
-0.580202
-0.55999
-0.536358
-0.562549
-0.605931
-0.607576
-0.631283
-0.666402
-0.602419
-0.502031
-0.55868
-0.554093
-0.288709
-0.690737
-0.7436
-0.769293
-0.777061
-0.770454
-0.727659
-0.753717
-0.83159
-0.783878
-0.742986
-0.762078
-0.80798
-0.822513
-0.80071
-0.81367
-0.764167
-0.700212
-0.70813
-0.676522
-0.631015
-0.633886
-0.726934
-0.77526
-0.790539
-0.78728
-0.77185
-0.730049
-0.716158
-0.816275
-0.838158
-0.752816
-0.70505
-0.799255
-0.752781
-0.78931
-0.817674
-0.835225
-0.778219
-0.626544
-0.503323
-0.612633
-0.728783
-0.769928
-0.775009
-0.778302
-0.784619
-0.76314
-0.660391
-0.698596
-0.808945
-0.778393
-0.720663
-0.770205
-0.78917
-0.708734
-0.660217
-0.749579
-0.802596
-0.707919
-0.663009
-0.798299
-0.809111
-0.797477
-0.791242
-0.786485
-0.786742
-0.82326
-0.810084
-0.682482
-0.707549
-0.815701
-0.812774
-0.709517
-0.776028
-0.832208
-0.766843
-0.779898
-0.811308
-0.726332
-0.595286
-0.837253
-0.821326
-0.80016
-0.789579
-0.778469
-0.776062
-0.787628
-0.814521
-0.77774
-0.734585
-0.802663
-0.792704
-0.767829
-0.664418
-0.669045
-0.716573
-0.804144
-0.814155
-0.74911
-0.619565
-0.794059
-0.779163
-0.776974
-0.783785
-0.800581
-0.804439
-0.803695
-0.806628
-0.811523
-0.744204
-0.745866
-0.812391
-0.836312
-0.682663
-0.567426
-0.547068
-0.613003
-0.740863
-0.779847
-0.740058
-0.612183
-0.734603
-0.776952
-0.797273
-0.786845
-0.74899
-0.756458
-0.780519
-0.808899
-0.77552
-0.690517
-0.718389
-0.793801
-0.735269
-0.729144
-0.715146
-0.695775
-0.763449
-0.749507
-0.660169
-0.556429
-0.742849
-0.794577
-0.80344
-0.793858
-0.760189
-0.756353
-0.750672
-0.75726
-0.814775
-0.789748
-0.721887
-0.789469
-0.800972
-0.814114
-0.783704
-0.791378
-0.796608
-0.677664
-0.468324
-0.626285
-0.735047
-0.78782
-0.798828
-0.801653
-0.785682
-0.772924
-0.790558
-0.77105
-0.790966
-0.808368
-0.800481
-0.808106
-0.730958
-0.76452
-0.796363
-0.789597
-0.742414
-0.684743
-0.695422
-0.753073
-0.772589
-0.800334
-0.788577
-0.767821
-0.771837
-0.742357
-0.783118
-0.805186
-0.796421
-0.795194
-0.797742
-0.785529
-0.732109
-0.746718
-0.818956
-0.706614
-0.648493
-0.721966
-0.754913
-0.79812
-0.805224
-0.806607
-0.806097
-0.787122
-0.791315
-0.756362
-0.740358
-0.796825
-0.802903
-0.796577
-0.799258
-0.79959
-0.797759
-0.803393
-0.805286
-0.698539
-0.755629
-0.78461
-0.600734
-0.770464
-0.798753
-0.799669
-0.796561
-0.772034
-0.765712
-0.756019
-0.700762
-0.753946
-0.804741
-0.789244
-0.777833
-0.791131
-0.783584
-0.764132
-0.745934
-0.761634
-0.817406
-0.783822
-0.712582
-0.75827
-0.792621
-0.801802
-0.790931
-0.789941
-0.774116
-0.742465
-0.722486
-0.742154
-0.79736
-0.816178
-0.806935
-0.758594
-0.678592
-0.722311
-0.749826
-0.811399
-0.811837
-0.826026
-0.918786
-0.814407
-0.820547
-0.809127
-0.785539
-0.781588
-0.749539
-0.723064
-0.746159
-0.723931
-0.689673
-0.717293
-0.757266
-0.803005
-0.799696
-0.848253
-0.809511
-0.746337
-0.764715
-0.745414
-0.54292
-0.370495
-0.637921
-0.697236
-0.687262
-0.669468
-0.642591
-0.644656
-0.619752
-0.554949
-0.480601
-0.469963
-0.479666
-0.487575
-0.52166
-0.595591
-0.518878
-0.445873
-0.44151
-0.238772
0.575332
-0.248393
-0.620398
-0.714711
-0.730926
-0.752641
-0.759646
-0.756513
-0.694514
-0.672219
-0.653228
-0.678781
-0.764818
-0.774099
-0.726639
-0.705323
-0.736106
-0.853733
-0.867915
-0.782563
-0.544893
-0.719349
-0.837551
-0.810731
-0.802338
-0.77147
-0.715897
-0.768587
-0.828635
-0.80685
-0.789793
-0.769291
-0.51515
-0.262074
-0.504278
-0.783854
-0.376202
0.210826
0.0615596
-0.277293
-0.589313
-0.76077
-0.619091
-0.679425
-0.78706
-0.795358
-0.828335
-0.853433
-0.727549
-0.59314
-0.75403
-0.726646
-0.639585
-0.818605
-0.700513
-0.683223
-0.802627
-0.739225
-0.844712
-0.502105
0.286118
-0.824694
-0.781495
-0.772022
-0.795349
-0.80248
-0.819397
-0.805866
-0.764329
-0.73849
-0.785889
-0.818529
-0.822743
-0.827521
-0.758223
-0.76204
-0.824569
-0.841047
-0.839488
-0.508424
0.295347
-0.776125
-0.799526
-0.799699
-0.797235
-0.796204
-0.794524
-0.79084
-0.79243
-0.786139
-0.787511
-0.792338
-0.791734
-0.788352
-0.787822
-0.794877
-0.792118
-0.785573
-0.80642
-0.710913
-0.560523
-0.670911
-0.769787
-0.801678
-0.800672
-0.801585
-0.798741
-0.803812
-0.814916
-0.803958
-0.798442
-0.802941
-0.806787
-0.807995
-0.805701
-0.80809
-0.801091
-0.794015
-0.805321
-0.792353
-0.841227
-0.652311
-0.762531
-0.804034
-0.801535
-0.800115
-0.800825
-0.796219
-0.792538
-0.804317
-0.806341
-0.795288
-0.789579
-0.806356
-0.792454
-0.801752
-0.809617
-0.811046
-0.801657
-0.757527
-0.704555
-0.639343
-0.759014
-0.801703
-0.798956
-0.798378
-0.800652
-0.801212
-0.788665
-0.794799
-0.807771
-0.799563
-0.792666
-0.803933
-0.805483
-0.788846
-0.781387
-0.795864
-0.809925
-0.777207
-0.742355
-0.675576
-0.774981
-0.803152
-0.800586
-0.800604
-0.799067
-0.805274
-0.810015
-0.792272
-0.792478
-0.805976
-0.807458
-0.790139
-0.806626
-0.819339
-0.803794
-0.79902
-0.80624
-0.757477
-0.640219
-0.71961
-0.787769
-0.804674
-0.799395
-0.798072
-0.796685
-0.795201
-0.801833
-0.801734
-0.796483
-0.804566
-0.798431
-0.799962
-0.791074
-0.80141
-0.807759
-0.812797
-0.809101
-0.756634
-0.62253
-0.672102
-0.772473
-0.802119
-0.798601
-0.802291
-0.80516
-0.802486
-0.799155
-0.802505
-0.796547
-0.799653
-0.806123
-0.810769
-0.796605
-0.789156
-0.785605
-0.787707
-0.804703
-0.770051
-0.653798
-0.635527
-0.760292
-0.802608
-0.801268
-0.800214
-0.797049
-0.798753
-0.799804
-0.804126
-0.801733
-0.791424
-0.79414
-0.801618
-0.795465
-0.80325
-0.803795
-0.796476
-0.80761
-0.771238
-0.678666
-0.612396
-0.755469
-0.804043
-0.801157
-0.799662
-0.798171
-0.799712
-0.797359
-0.795798
-0.806409
-0.804595
-0.792005
-0.802164
-0.80485
-0.806594
-0.797439
-0.800861
-0.806934
-0.751223
-0.624791
-0.659267
-0.761567
-0.801943
-0.801016
-0.80158
-0.801985
-0.800964
-0.803169
-0.79663
-0.798337
-0.801557
-0.801221
-0.806607
-0.794302
-0.798986
-0.799979
-0.80284
-0.804103
-0.780716
-0.753966
-0.754563
-0.785189
-0.803377
-0.799117
-0.796198
-0.799703
-0.795603
-0.801488
-0.80193
-0.79913
-0.798854
-0.799277
-0.799873
-0.793504
-0.793887
-0.808711
-0.795422
-0.791106
-0.789608
-0.759876
-0.739402
-0.788447
-0.802595
-0.802139
-0.800225
-0.803605
-0.800849
-0.79829
-0.803277
-0.800825
-0.800537
-0.801526
-0.801449
-0.803109
-0.804402
-0.808241
-0.793048
-0.802496
-0.774708
-0.649192
-0.719069
-0.782861
-0.800306
-0.800719
-0.79745
-0.798705
-0.802668
-0.795133
-0.79891
-0.8016
-0.797132
-0.796478
-0.802117
-0.805128
-0.802014
-0.796695
-0.796869
-0.803449
-0.78156
-0.72381
-0.778386
-0.79248
-0.799086
-0.797647
-0.80055
-0.801029
-0.799557
-0.797893
-0.798272
-0.80358
-0.803867
-0.802064
-0.796621
-0.784442
-0.790216
-0.793599
-0.801447
-0.802494
-0.815005
-0.898619
-0.787337
-0.806089
-0.811882
-0.80169
-0.804091
-0.80238
-0.799323
-0.806123
-0.80519
-0.800353
-0.803841
-0.808195
-0.817917
-0.814394
-0.817584
-0.814572
-0.8066
-0.820652
-0.735595
-0.454109
-0.384928
-0.705159
-0.797192
-0.792991
-0.792441
-0.793557
-0.799071
-0.800306
-0.795149
-0.788633
-0.792465
-0.786037
-0.778289
-0.769179
-0.787452
-0.783051
-0.781309
-0.785148
-0.544397
0.30466
-0.407432
-0.740008
-0.824682
-0.819582
-0.826945
-0.822676
-0.832709
-0.814921
-0.814892
-0.833295
-0.836482
-0.809468
-0.850767
-0.857405
-0.8675
-0.786045
-0.808567
-0.898776
-0.911291
-0.790255
-0.778552
-0.824841
-0.788494
-0.787243
-0.774276
-0.682783
-0.685214
-0.56256
-0.474038
-0.49882
-0.446006
-0.257765
-0.473235
-0.619712
-0.703481
-0.214827
-0.193058
-0.436489
-0.455968
-0.577789
-0.730779
-0.605955
-0.717845
-0.813576
-0.790853
-0.775009
-0.716535
-0.63623
-0.670829
-0.822467
-0.737147
-0.695035
-0.826141
-0.662882
-0.682925
-0.771211
-0.648751
-0.796106
-0.564066
0.236141
-0.820646
-0.785842
-0.77818
-0.799552
-0.800031
-0.802996
-0.788322
-0.76821
-0.776427
-0.819937
-0.815336
-0.809048
-0.828435
-0.771041
-0.776775
-0.803536
-0.778145
-0.828428
-0.539831
0.270431
-0.809418
-0.815383
-0.804981
-0.801235
-0.801241
-0.804175
-0.804244
-0.803357
-0.804211
-0.807887
-0.808048
-0.809517
-0.811607
-0.803822
-0.804421
-0.805434
-0.801354
-0.823629
-0.733862
-0.628036
-0.675366
-0.772016
-0.802319
-0.799272
-0.799551
-0.800867
-0.80022
-0.799354
-0.798414
-0.798322
-0.798937
-0.798006
-0.796796
-0.79844
-0.799373
-0.799011
-0.79741
-0.807553
-0.810209
-0.893811
-0.666612
-0.766969
-0.804486
-0.799673
-0.799022
-0.800245
-0.800398
-0.799796
-0.797824
-0.797129
-0.799742
-0.800386
-0.799278
-0.797814
-0.799814
-0.800383
-0.798177
-0.798918
-0.780565
-0.729568
-0.680377
-0.770178
-0.805314
-0.800218
-0.799703
-0.800322
-0.801383
-0.803318
-0.802903
-0.800324
-0.800177
-0.801896
-0.801819
-0.800432
-0.800512
-0.801442
-0.800404
-0.80446
-0.789499
-0.754386
-0.6505
-0.762726
-0.802882
-0.799982
-0.800311
-0.800112
-0.798893
-0.800991
-0.802873
-0.801397
-0.798986
-0.800112
-0.800152
-0.79973
-0.79961
-0.798925
-0.797675
-0.802676
-0.780185
-0.723228
-0.649728
-0.764117
-0.803709
-0.800013
-0.79991
-0.800303
-0.798392
-0.798275
-0.800652
-0.801407
-0.799307
-0.797548
-0.799866
-0.801379
-0.802428
-0.801029
-0.799509
-0.803119
-0.769151
-0.67621
-0.629192
-0.759589
-0.804083
-0.799979
-0.799452
-0.800758
-0.800009
-0.798547
-0.798977
-0.800831
-0.801541
-0.799134
-0.798792
-0.802748
-0.806168
-0.80535
-0.803145
-0.804856
-0.762923
-0.644809
-0.673599
-0.768608
-0.805341
-0.799779
-0.799441
-0.801089
-0.801153
-0.800258
-0.799519
-0.800431
-0.802453
-0.801768
-0.798999
-0.799326
-0.801855
-0.802706
-0.801946
-0.805565
-0.778166
-0.71508
-0.663441
-0.76544
-0.804129
-0.799441
-0.799109
-0.800935
-0.801249
-0.801086
-0.800127
-0.799764
-0.801112
-0.801157
-0.79982
-0.799184
-0.798786
-0.797455
-0.798388
-0.80247
-0.777308
-0.715475
-0.692508
-0.771939
-0.803046
-0.799764
-0.799464
-0.800492
-0.800353
-0.80051
-0.800103
-0.799426
-0.799326
-0.799493
-0.800486
-0.801223
-0.800876
-0.798461
-0.799177
-0.803045
-0.793319
-0.772231
-0.749288
-0.786298
-0.802584
-0.799738
-0.799798
-0.800535
-0.800258
-0.800009
-0.799472
-0.799742
-0.799853
-0.79935
-0.800051
-0.801529
-0.800064
-0.799515
-0.801186
-0.805112
-0.806339
-0.810633
-0.736413
-0.784578
-0.80146
-0.800146
-0.800032
-0.800356
-0.800903
-0.801135
-0.800033
-0.799649
-0.8006
-0.800418
-0.799483
-0.799492
-0.798885
-0.799961
-0.801805
-0.805038
-0.800283
-0.783463
-0.740016
-0.783638
-0.800162
-0.800681
-0.800266
-0.800007
-0.80137
-0.802357
-0.801088
-0.79961
-0.799752
-0.800181
-0.800747
-0.801774
-0.801907
-0.801721
-0.800105
-0.798497
-0.787728
-0.749584
-0.817468
-0.801291
-0.799539
-0.798302
-0.799558
-0.799637
-0.800211
-0.800833
-0.799877
-0.798525
-0.797693
-0.79775
-0.798964
-0.79986
-0.799764
-0.798769
-0.795963
-0.800847
-0.813098
-0.886077
-0.762545
-0.791971
-0.805531
-0.798718
-0.799915
-0.801164
-0.800705
-0.800676
-0.799727
-0.79939
-0.800683
-0.799923
-0.798941
-0.798909
-0.798821
-0.797834
-0.799857
-0.813987
-0.745361
-0.552872
-0.441799
-0.719007
-0.804116
-0.802385
-0.802328
-0.803704
-0.804246
-0.801198
-0.803409
-0.80836
-0.807517
-0.80286
-0.804139
-0.801889
-0.808913
-0.802708
-0.806898
-0.809689
-0.634163
-0.0631557
-0.519874
-0.731067
-0.796342
-0.80405
-0.79742
-0.782625
-0.781343
-0.758176
-0.788228
-0.816772
-0.766941
-0.750423
-0.823181
-0.803813
-0.799617
-0.766089
-0.798706
-0.833898
-0.81973
-0.751943
-0.70203
-0.717272
-0.727642
-0.788185
-0.76493
-0.71136
-0.713603
-0.609917
-0.698219
-0.806852
-0.642956
-0.604539
-0.880057
-0.685648
-0.67846
-0.674989
-0.821334
-0.86036
-0.835306
-0.839785
-0.660004
-0.638227
-0.72575
-0.770115
-0.769177
-0.749912
-0.736923
-0.763521
-0.725398
-0.774765
-0.709263
-0.332489
-0.444372
-0.58628
-0.675828
-0.782575
-0.725803
-0.844062
-0.672111
-0.152973
-0.745183
-0.757873
-0.77975
-0.790723
-0.791121
-0.784108
-0.779863
-0.794679
-0.787087
-0.796175
-0.77832
-0.689757
-0.717081
-0.744375
-0.767725
-0.792135
-0.779434
-0.837331
-0.590823
0.147402
-0.747101
-0.79072
-0.804911
-0.800967
-0.799849
-0.798459
-0.797093
-0.801263
-0.79956
-0.798153
-0.799862
-0.796262
-0.803947
-0.802952
-0.80013
-0.797148
-0.794047
-0.820145
-0.706251
-0.447516
-0.671199
-0.769745
-0.803045
-0.79923
-0.798958
-0.799359
-0.798465
-0.798785
-0.799128
-0.798316
-0.798905
-0.800731
-0.800805
-0.800037
-0.799627
-0.797968
-0.795112
-0.804782
-0.782669
-0.762537
-0.672136
-0.76796
-0.803866
-0.799365
-0.799275
-0.799847
-0.799252
-0.799357
-0.799745
-0.800109
-0.800058
-0.799402
-0.798833
-0.799343
-0.800157
-0.800343
-0.798952
-0.799622
-0.776832
-0.711137
-0.692458
-0.773159
-0.804788
-0.799486
-0.799533
-0.800126
-0.799479
-0.799442
-0.799451
-0.799637
-0.800023
-0.800133
-0.799979
-0.799935
-0.800271
-0.800419
-0.800271
-0.802759
-0.786288
-0.741462
-0.693032
-0.772922
-0.804703
-0.799453
-0.799423
-0.800219
-0.79954
-0.799101
-0.79905
-0.799275
-0.799472
-0.799707
-0.799638
-0.798925
-0.798716
-0.798891
-0.79914
-0.803331
-0.790189
-0.760325
-0.673179
-0.768325
-0.804392
-0.799771
-0.799448
-0.800387
-0.800185
-0.799906
-0.799522
-0.799467
-0.799642
-0.79997
-0.799782
-0.798793
-0.798016
-0.797639
-0.798464
-0.802503
-0.777593
-0.707884
-0.672263
-0.767095
-0.803561
-0.799728
-0.799315
-0.80001
-0.799991
-0.800208
-0.799864
-0.799522
-0.799522
-0.7997
-0.799486
-0.798732
-0.797968
-0.797384
-0.798224
-0.802185
-0.777841
-0.714811
-0.703304
-0.774311
-0.80369
-0.79957
-0.799366
-0.799836
-0.799523
-0.799844
-0.799781
-0.799403
-0.799366
-0.799651
-0.799678
-0.799205
-0.7986
-0.798097
-0.798544
-0.802409
-0.786514
-0.750047
-0.69416
-0.77232
-0.802675
-0.799734
-0.799504
-0.799804
-0.799307
-0.799608
-0.799851
-0.799549
-0.799427
-0.7997
-0.799733
-0.799634
-0.799696
-0.799649
-0.799547
-0.8005
-0.78228
-0.733171
-0.721206
-0.778818
-0.802201
-0.799787
-0.799618
-0.799805
-0.799373
-0.799574
-0.800006
-0.800063
-0.799912
-0.799807
-0.799649
-0.799823
-0.800206
-0.800163
-0.799287
-0.800218
-0.796144
-0.784288
-0.747228
-0.785907
-0.801683
-0.799726
-0.799688
-0.799806
-0.799489
-0.79954
-0.799863
-0.80017
-0.800167
-0.799972
-0.79976
-0.799836
-0.799927
-0.799495
-0.798622
-0.799429
-0.792756
-0.76224
-0.754274
-0.788368
-0.801513
-0.800081
-0.799636
-0.799539
-0.799189
-0.799252
-0.799553
-0.799962
-0.800117
-0.799964
-0.799642
-0.799388
-0.79934
-0.799083
-0.799067
-0.801143
-0.790549
-0.749749
-0.774078
-0.792077
-0.800289
-0.800292
-0.800106
-0.799656
-0.799207
-0.799346
-0.799786
-0.800301
-0.800609
-0.800495
-0.800096
-0.799767
-0.799967
-0.800247
-0.7997
-0.80065
-0.788706
-0.75319
-0.828611
-0.805519
-0.800723
-0.799079
-0.800085
-0.799654
-0.799279
-0.799338
-0.799401
-0.799572
-0.799997
-0.800325
-0.80006
-0.799549
-0.799716
-0.799993
-0.798946
-0.803682
-0.79955
-0.803172
-0.737391
-0.784816
-0.803871
-0.798819
-0.799409
-0.799591
-0.798558
-0.797739
-0.797239
-0.797802
-0.798786
-0.798486
-0.797736
-0.800421
-0.801237
-0.797396
-0.797037
-0.806012
-0.760238
-0.634199
-0.514189
-0.735607
-0.804595
-0.802567
-0.79803
-0.800183
-0.799453
-0.798545
-0.803672
-0.805793
-0.801478
-0.799941
-0.803179
-0.80334
-0.801549
-0.803157
-0.799133
-0.798951
-0.709026
-0.449756
-0.626966
-0.742928
-0.793078
-0.800935
-0.772862
-0.783787
-0.794048
-0.797884
-0.812293
-0.79879
-0.770286
-0.787224
-0.814783
-0.727664
-0.688811
-0.786773
-0.797869
-0.78811
-0.751248
-0.678965
-0.740585
-0.705653
-0.742527
-0.792806
-0.689114
-0.732115
-0.787508
-0.814541
-0.790228
-0.724095
-0.66788
-0.740453
-0.855156
-0.439164
-0.289873
-0.752107
-0.809749
-0.784825
-0.770389
-0.64753
-0.675286
-0.679288
-0.696171
-0.716607
-0.745532
-0.7668
-0.804733
-0.752508
-0.718533
-0.733853
-0.81595
-0.574323
-0.485915
-0.598442
-0.724019
-0.845145
-0.690089
-0.629041
-0.460521
-0.137564
-0.670344
-0.746306
-0.774491
-0.779601
-0.786568
-0.791622
-0.804214
-0.791266
-0.782527
-0.79179
-0.806256
-0.737638
-0.718308
-0.746565
-0.780403
-0.821053
-0.7917
-0.782703
-0.551515
0.113348
-0.670493
-0.770177
-0.803845
-0.801564
-0.801524
-0.801202
-0.803086
-0.801608
-0.799173
-0.799665
-0.804073
-0.802488
-0.805753
-0.805179
-0.803292
-0.806362
-0.806267
-0.818863
-0.674591
-0.290328
-0.65844
-0.766123
-0.803933
-0.80044
-0.800156
-0.80062
-0.800435
-0.80083
-0.800708
-0.799941
-0.799574
-0.80119
-0.80189
-0.800471
-0.7998
-0.798791
-0.798683
-0.810403
-0.769837
-0.692838
-0.653766
-0.763853
-0.803503
-0.799824
-0.799605
-0.800454
-0.800205
-0.800361
-0.80054
-0.800639
-0.80024
-0.799542
-0.799124
-0.799347
-0.800196
-0.800387
-0.799232
-0.802047
-0.784822
-0.748683
-0.650425
-0.763014
-0.803419
-0.800093
-0.799824
-0.800479
-0.800155
-0.800206
-0.800211
-0.800278
-0.800337
-0.800403
-0.800562
-0.800578
-0.800574
-0.800391
-0.800411
-0.802284
-0.784426
-0.735256
-0.660305
-0.764928
-0.803063
-0.799852
-0.799682
-0.800324
-0.800066
-0.800152
-0.800114
-0.800118
-0.800129
-0.800099
-0.800158
-0.800286
-0.800532
-0.800233
-0.800063
-0.802603
-0.787326
-0.745745
-0.680171
-0.769515
-0.803339
-0.799905
-0.799703
-0.800302
-0.800077
-0.800219
-0.800211
-0.800205
-0.80026
-0.800307
-0.800361
-0.800475
-0.800816
-0.800551
-0.800276
-0.802245
-0.784792
-0.739469
-0.707198
-0.775503
-0.803187
-0.799928
-0.79979
-0.800282
-0.800029
-0.800172
-0.800212
-0.800189
-0.800192
-0.800281
-0.800394
-0.800455
-0.800702
-0.800459
-0.800276
-0.802414
-0.788563
-0.756219
-0.716803
-0.778089
-0.802619
-0.799962
-0.799862
-0.800285
-0.800032
-0.800126
-0.800184
-0.800175
-0.800119
-0.800165
-0.800319
-0.800412
-0.800587
-0.800391
-0.800313
-0.801933
-0.790349
-0.762317
-0.719393
-0.779327
-0.802461
-0.800153
-0.799882
-0.800296
-0.80009
-0.800127
-0.800145
-0.800156
-0.800119
-0.800123
-0.80021
-0.800266
-0.800412
-0.800421
-0.800404
-0.800723
-0.790723
-0.768044
-0.746405
-0.785936
-0.802302
-0.800101
-0.79991
-0.800299
-0.800167
-0.800173
-0.800127
-0.800105
-0.800105
-0.800123
-0.800126
-0.80008
-0.80021
-0.800364
-0.800071
-0.801159
-0.801123
-0.803269
-0.762641
-0.789741
-0.801403
-0.800021
-0.799951
-0.800271
-0.80022
-0.800224
-0.800141
-0.800048
-0.800019
-0.800071
-0.800107
-0.800077
-0.800236
-0.800245
-0.800057
-0.801524
-0.794262
-0.772168
-0.769628
-0.791514
-0.800651
-0.800152
-0.799967
-0.800159
-0.800169
-0.800156
-0.800065
-0.799935
-0.799838
-0.799875
-0.799983
-0.800033
-0.800208
-0.799956
-0.800211
-0.801855
-0.778981
-0.705842
-0.788562
-0.796169
-0.799782
-0.800012
-0.800264
-0.80027
-0.800321
-0.800338
-0.800278
-0.80021
-0.800138
-0.800111
-0.800139
-0.80015
-0.800398
-0.800192
-0.800298
-0.803722
-0.78654
-0.736566
-0.81171
-0.802263
-0.800727
-0.799366
-0.800529
-0.800551
-0.800538
-0.800531
-0.800349
-0.800296
-0.800462
-0.800795
-0.800668
-0.800128
-0.800085
-0.799911
-0.79975
-0.802735
-0.780769
-0.71636
-0.725696
-0.782119
-0.804228
-0.799451
-0.799385
-0.799873
-0.799457
-0.79954
-0.801177
-0.801899
-0.800113
-0.798937
-0.799409
-0.800603
-0.800634
-0.798973
-0.79916
-0.803035
-0.773693
-0.70077
-0.539414
-0.740422
-0.805925
-0.801758
-0.799074
-0.803499
-0.801366
-0.803567
-0.803498
-0.799447
-0.803248
-0.79758
-0.801155
-0.802833
-0.807479
-0.81135
-0.805527
-0.811847
-0.795712
-0.786441
-0.598227
-0.734232
-0.798124
-0.797772
-0.79451
-0.810857
-0.79885
-0.808272
-0.758759
-0.710069
-0.779763
-0.783673
-0.799747
-0.767414
-0.777036
-0.812804
-0.771949
-0.785143
-0.801546
-0.847341
-0.664283
-0.683555
-0.75038
-0.771126
-0.765177
-0.796366
-0.764174
-0.828818
-0.598695
-0.397757
-0.664028
-0.702776
-0.797244
-0.670529
-0.678469
-0.788674
-0.641506
-0.694987
-0.77428
-0.763861
-0.745409
-0.752792
-0.767042
-0.761849
-0.730198
-0.780287
-0.759628
-0.744138
-0.835967
-0.722826
-0.765335
-0.685077
-0.548008
-0.622324
-0.664185
-0.6076
-0.522781
-0.679589
-0.656448
-0.365373
-0.723005
-0.771333
-0.791509
-0.789273
-0.781414
-0.797745
-0.794275
-0.782268
-0.813063
-0.791873
-0.809968
-0.780835
-0.735799
-0.753649
-0.764744
-0.756393
-0.734832
-0.77656
-0.628129
-0.103165
-0.714744
-0.779297
-0.804362
-0.801764
-0.799633
-0.801498
-0.800331
-0.796554
-0.803676
-0.801611
-0.804607
-0.807143
-0.806608
-0.806355
-0.804014
-0.801255
-0.799725
-0.815683
-0.680675
-0.29281
-0.715295
-0.778363
-0.80394
-0.800041
-0.799756
-0.800015
-0.799761
-0.799373
-0.799662
-0.799518
-0.797969
-0.798798
-0.800177
-0.799396
-0.799716
-0.799367
-0.799058
-0.809736
-0.761789
-0.662058
-0.707168
-0.775916
-0.803727
-0.799578
-0.799405
-0.800071
-0.799894
-0.799987
-0.799872
-0.799999
-0.79986
-0.7993
-0.798854
-0.798909
-0.799664
-0.799667
-0.798165
-0.801715
-0.790428
-0.779234
-0.703623
-0.774107
-0.803096
-0.799728
-0.799723
-0.800241
-0.799924
-0.79999
-0.799967
-0.800003
-0.800169
-0.800341
-0.800427
-0.800329
-0.800302
-0.800172
-0.800007
-0.80145
-0.787233
-0.751332
-0.720461
-0.778172
-0.803334
-0.799433
-0.799631
-0.80018
-0.799866
-0.79995
-0.799947
-0.799897
-0.799844
-0.799817
-0.799815
-0.799781
-0.799869
-0.799643
-0.799801
-0.801792
-0.787229
-0.745252
-0.707217
-0.776259
-0.803244
-0.799707
-0.799673
-0.800179
-0.799885
-0.799961
-0.799981
-0.799976
-0.799948
-0.799911
-0.799896
-0.799891
-0.80003
-0.7998
-0.799749
-0.801673
-0.790919
-0.764312
-0.72522
-0.779389
-0.801817
-0.799734
-0.799819
-0.800141
-0.799892
-0.799945
-0.799955
-0.799966
-0.799958
-0.79993
-0.799913
-0.799906
-0.80003
-0.799891
-0.799805
-0.800941
-0.791623
-0.768753
-0.756593
-0.786497
-0.801376
-0.799802
-0.799906
-0.800099
-0.799921
-0.799962
-0.799958
-0.79997
-0.799971
-0.799945
-0.799919
-0.799895
-0.799961
-0.799898
-0.799912
-0.800633
-0.794269
-0.78047
-0.735117
-0.782576
-0.800908
-0.800146
-0.799887
-0.800058
-0.799942
-0.799975
-0.799963
-0.79997
-0.799978
-0.799963
-0.79994
-0.799897
-0.799905
-0.79993
-0.799871
-0.800155
-0.797677
-0.795346
-0.751284
-0.786247
-0.800483
-0.800035
-0.799883
-0.800037
-0.79995
-0.799976
-0.799965
-0.799967
-0.799978
-0.79998
-0.799972
-0.799922
-0.799932
-0.799979
-0.799556
-0.800015
-0.801002
-0.803436
-0.777335
-0.792729
-0.800099
-0.799838
-0.799926
-0.800014
-0.799958
-0.799983
-0.799977
-0.799975
-0.799983
-0.799994
-0.799998
-0.799957
-0.800024
-0.799908
-0.799663
-0.80178
-0.798477
-0.78955
-0.789414
-0.797229
-0.800085
-0.799909
-0.799963
-0.79991
-0.799896
-0.799915
-0.79989
-0.799875
-0.799876
-0.799887
-0.799895
-0.799868
-0.799996
-0.799633
-0.799821
-0.801925
-0.779905
-0.710927
-0.798296
-0.800479
-0.799982
-0.799824
-0.800249
-0.800096
-0.800072
-0.800083
-0.80007
-0.800128
-0.800186
-0.800157
-0.8001
-0.800069
-0.800273
-0.799859
-0.80017
-0.8038
-0.782556
-0.719504
-0.787137
-0.797673
-0.801091
-0.799372
-0.800162
-0.799973
-0.799699
-0.799777
-0.799902
-0.799854
-0.79965
-0.799786
-0.80006
-0.800076
-0.800073
-0.799447
-0.799245
-0.801673
-0.778595
-0.71211
-0.710888
-0.777846
-0.803851
-0.798861
-0.798438
-0.799002
-0.799113
-0.799278
-0.799208
-0.798189
-0.796879
-0.79761
-0.798412
-0.79764
-0.797745
-0.798828
-0.799725
-0.801953
-0.784511
-0.744945
-0.570362
-0.747129
-0.806126
-0.800406
-0.803068
-0.80353
-0.802173
-0.805325
-0.803732
-0.802575
-0.811628
-0.80898
-0.80443
-0.803057
-0.803083
-0.802485
-0.807161
-0.811873
-0.79924
-0.769284
-0.60672
-0.762101
-0.804655
-0.794124
-0.814133
-0.790977
-0.768447
-0.791904
-0.790126
-0.787814
-0.84653
-0.822536
-0.800812
-0.816527
-0.800359
-0.745354
-0.737778
-0.748609
-0.75692
-0.729138
-0.709857
-0.784405
-0.75291
-0.758286
-0.824898
-0.719927
-0.647909
-0.757947
-0.77217
-0.750539
-0.930201
-0.842233
-0.77573
-0.857167
-0.781481
-0.539995
-0.507974
-0.531838
-0.634485
-0.681453
-0.776595
-0.784744
-0.78308
-0.769008
-0.766163
-0.783751
-0.728382
-0.814367
-0.805756
-0.534773
-0.686038
-0.524695
-0.380948
-0.579673
-0.615766
-0.631487
-0.711429
-0.702402
-0.6621
-0.669322
-0.757811
-0.785908
-0.795687
-0.790261
-0.787684
-0.797737
-0.791486
-0.806689
-0.803401
-0.733414
-0.787733
-0.74182
-0.693886
-0.744271
-0.751405
-0.752267
-0.773039
-0.791272
-0.703716
-0.452984
-0.729914
-0.782452
-0.801951
-0.799859
-0.798638
-0.800843
-0.800075
-0.801143
-0.805159
-0.795463
-0.80472
-0.804537
-0.802324
-0.807481
-0.80424
-0.801163
-0.804847
-0.816725
-0.705835
-0.388507
-0.705655
-0.776567
-0.802245
-0.800219
-0.79959
-0.799797
-0.799529
-0.798902
-0.800247
-0.800485
-0.798605
-0.799643
-0.80112
-0.800165
-0.80022
-0.799648
-0.799222
-0.807866
-0.754761
-0.629688
-0.692373
-0.77274
-0.801965
-0.800058
-0.799771
-0.800115
-0.799932
-0.799918
-0.799857
-0.80007
-0.799851
-0.799397
-0.799017
-0.798931
-0.799577
-0.799677
-0.798358
-0.801599
-0.791073
-0.782857
-0.719431
-0.778933
-0.802624
-0.799646
-0.799814
-0.800266
-0.800001
-0.800069
-0.80006
-0.800135
-0.800326
-0.80047
-0.800524
-0.800447
-0.800436
-0.800378
-0.800136
-0.801334
-0.791806
-0.770415
-0.726137
-0.783549
-0.805351
-0.799738
-0.799564
-0.800196
-0.799915
-0.799971
-0.799956
-0.799918
-0.79989
-0.799884
-0.799891
-0.799865
-0.799917
-0.799753
-0.800003
-0.801594
-0.790275
-0.757361
-0.660039
-0.768349
-0.803917
-0.800248
-0.799615
-0.800202
-0.799948
-0.800008
-0.800011
-0.800005
-0.800002
-0.799998
-0.799991
-0.799965
-0.800026
-0.799859
-0.799909
-0.801079
-0.792579
-0.770607
-0.74912
-0.785237
-0.802057
-0.799556
-0.799856
-0.80017
-0.799945
-0.800004
-0.800003
-0.8
-0.800004
-0.800007
-0.800003
-0.799975
-0.800015
-0.799953
-0.799878
-0.800427
-0.795855
-0.787036
-0.814778
-0.80027
-0.801523
-0.799262
-0.80003
-0.800119
-0.799946
-0.800002
-0.799999
-0.799994
-0.799996
-0.799997
-0.799996
-0.799972
-0.799986
-0.799995
-0.799935
-0.80022
-0.798325
-0.795824
-0.772517
-0.791553
-0.800258
-0.799734
-0.800057
-0.800067
-0.799954
-0.800001
-0.799998
-0.799995
-0.799996
-0.799998
-0.800001
-0.799981
-0.799989
-0.800054
-0.799912
-0.799949
-0.798999
-0.79397
-0.793985
-0.799121
-0.800843
-0.799634
-0.799999
-0.800046
-0.799969
-0.800004
-0.800004
-0.800005
-0.800006
-0.800007
-0.800009
-0.799989
-0.800027
-0.80008
-0.799716
-0.800219
-0.800747
-0.801076
-0.806847
-0.803617
-0.801635
-0.799712
-0.799969
-0.800025
-0.799979
-0.800009
-0.800011
-0.800013
-0.800013
-0.800013
-0.800015
-0.799994
-0.800084
-0.799964
-0.799673
-0.800984
-0.794248
-0.774299
-0.78976
-0.799123
-0.800539
-0.799738
-0.800006
-0.799952
-0.799916
-0.799931
-0.799911
-0.799913
-0.799927
-0.799933
-0.799924
-0.799894
-0.800024
-0.799681
-0.799738
-0.802113
-0.786218
-0.740103
-0.803463
-0.800207
-0.799905
-0.799477
-0.800368
-0.800275
-0.800158
-0.800159
-0.800204
-0.80031
-0.800366
-0.800328
-0.80025
-0.800176
-0.800323
-0.799994
-0.80034
-0.80335
-0.785706
-0.737746
-0.755995
-0.790482
-0.802101
-0.799435
-0.799855
-0.799643
-0.799335
-0.799835
-0.800183
-0.799848
-0.799261
-0.799214
-0.799696
-0.799982
-0.800066
-0.799717
-0.799414
-0.800432
-0.783011
-0.736721
-0.68233
-0.772586
-0.805468
-0.799355
-0.798972
-0.799707
-0.800287
-0.800304
-0.798201
-0.798046
-0.80037
-0.801316
-0.799997
-0.798795
-0.799032
-0.799403
-0.799189
-0.801806
-0.795037
-0.785602
-0.591786
-0.753601
-0.806551
-0.801041
-0.802934
-0.806367
-0.810163
-0.803338
-0.802601
-0.808821
-0.810258
-0.807419
-0.803447
-0.804582
-0.807601
-0.806012
-0.807888
-0.807603
-0.781913
-0.703334
-0.596229
-0.775865
-0.800191
-0.784837
-0.772964
-0.763845
-0.771492
-0.749416
-0.794248
-0.797754
-0.715043
-0.685891
-0.729726
-0.784174
-0.799906
-0.772111
-0.77043
-0.753206
-0.729174
-0.696043
-0.708969
-0.794877
-0.730564
-0.735973
-0.658748
-0.61751
-0.64884
-0.568228
-0.757729
-0.726495
-0.334946
-0.222932
-0.467417
-0.721167
-0.795302
-0.686302
-0.680395
-0.583514
-0.546111
-0.652833
-0.792341
-0.792
-0.789824
-0.798515
-0.823154
-0.753362
-0.648919
-0.790792
-0.679161
-0.568208
-0.778131
-0.481337
-0.501953
-0.581294
-0.636667
-0.704113
-0.667393
-0.655048
-0.705838
-0.634358
-0.798436
-0.799506
-0.798596
-0.798296
-0.806733
-0.799526
-0.780609
-0.806172
-0.766429
-0.741745
-0.817303
-0.724221
-0.7201
-0.742815
-0.757257
-0.772461
-0.764562
-0.775914
-0.693912
-0.352813
-0.78212
-0.795115
-0.801282
-0.799438
-0.801653
-0.803498
-0.801802
-0.805854
-0.800948
-0.796373
-0.814193
-0.803876
-0.805393
-0.805871
-0.805282
-0.803918
-0.801824
-0.810619
-0.690385
-0.309794
-0.749191
-0.785507
-0.800975
-0.799641
-0.799471
-0.800183
-0.800242
-0.800151
-0.800709
-0.799282
-0.798699
-0.800062
-0.801132
-0.800132
-0.800404
-0.799424
-0.798702
-0.807433
-0.755952
-0.638296
-0.743047
-0.782321
-0.800133
-0.799563
-0.799891
-0.800031
-0.79984
-0.799853
-0.79995
-0.799864
-0.799396
-0.799169
-0.798997
-0.798972
-0.799534
-0.799726
-0.798537
-0.801458
-0.793543
-0.794602
-0.74736
-0.78469
-0.801974
-0.799489
-0.799867
-0.800241
-0.800013
-0.800077
-0.800123
-0.80026
-0.800425
-0.800494
-0.800501
-0.800417
-0.800391
-0.800431
-0.800274
-0.800895
-0.793158
-0.775978
-0.655705
-0.765978
-0.803523
-0.800503
-0.79962
-0.800157
-0.799917
-0.799962
-0.79994
-0.799909
-0.79989
-0.799886
-0.799899
-0.799891
-0.799913
-0.799816
-0.800095
-0.801055
-0.792634
-0.768231
-0.572758
-0.74492
-0.800766
-0.800755
-0.799651
-0.800192
-0.799956
-0.800015
-0.800018
-0.80001
-0.800006
-0.800004
-0.800008
-0.800002
-0.80004
-0.799956
-0.799947
-0.800329
-0.794672
-0.780755
-0.753352
-0.786654
-0.803248
-0.799477
-0.799724
-0.800201
-0.799953
-0.800009
-0.800012
-0.80001
-0.800014
-0.800017
-0.800021
-0.80001
-0.800039
-0.800044
-0.799868
-0.800315
-0.800311
-0.803024
-0.779077
-0.795353
-0.803184
-0.799219
-0.799817
-0.800168
-0.799955
-0.800005
-0.800006
-0.800002
-0.800002
-0.800005
-0.80001
-0.799998
-0.800016
-0.80005
-0.799903
-0.800323
-0.800495
-0.800896
-0.722388
-0.78383
-0.800651
-0.799624
-0.799946
-0.80011
-0.799962
-0.800007
-0.800004
-0.800001
-0.800001
-0.800003
-0.800007
-0.799995
-0.800017
-0.800042
-0.79988
-0.800219
-0.798697
-0.792246
-0.780547
-0.801581
-0.802465
-0.799619
-0.799975
-0.80007
-0.799975
-0.800014
-0.80001
-0.800007
-0.800007
-0.800008
-0.800011
-0.799995
-0.800043
-0.80002
-0.799801
-0.800747
-0.799229
-0.796406
-0.726452
-0.784811
-0.800869
-0.800218
-0.799966
-0.800035
-0.799986
-0.800022
-0.800014
-0.800009
-0.800007
-0.800009
-0.800013
-0.799997
-0.800077
-0.799931
-0.799874
-0.801171
-0.792199
-0.765156
-0.739736
-0.786314
-0.801019
-0.800158
-0.799937
-0.799982
-0.799911
-0.799928
-0.799905
-0.799902
-0.799911
-0.799916
-0.799915
-0.799896
-0.799995
-0.799728
-0.799998
-0.802246
-0.789254
-0.75203
-0.828793
-0.805335
-0.802549
-0.799288
-0.800234
-0.800343
-0.800142
-0.800179
-0.800245
-0.800319
-0.80034
-0.800312
-0.800253
-0.800176
-0.800268
-0.800141
-0.80043
-0.801342
-0.78441
-0.738041
-0.718547
-0.781584
-0.803392
-0.79932
-0.799424
-0.799617
-0.79956
-0.800138
-0.800196
-0.799722
-0.799309
-0.799373
-0.799743
-0.799835
-0.799846
-0.799974
-0.799468
-0.799414
-0.792446
-0.77294
-0.564812
-0.744285
-0.803168
-0.799466
-0.799013
-0.80012
-0.800226
-0.799402
-0.797598
-0.79891
-0.800783
-0.799825
-0.798486
-0.799523
-0.800616
-0.799058
-0.797384
-0.802327
-0.807324
-0.815266
-0.559658
-0.741934
-0.806883
-0.80409
-0.804623
-0.807382
-0.805566
-0.799209
-0.804381
-0.807039
-0.803852
-0.809549
-0.809968
-0.803783
-0.803399
-0.803354
-0.801996
-0.805571
-0.777514
-0.67272
-0.676825
-0.784146
-0.815347
-0.795032
-0.768368
-0.763935
-0.759337
-0.757012
-0.811754
-0.766118
-0.692785
-0.760483
-0.814915
-0.760173
-0.72865
-0.768478
-0.791919
-0.79146
-0.77548
-0.746513
-0.756639
-0.804634
-0.813831
-0.782674
-0.657485
-0.633769
-0.615459
-0.620613
-0.829486
-0.635425
-0.329448
-0.558151
-0.805702
-0.62008
-0.474591
-0.669688
-0.778087
-0.737088
-0.737251
-0.869119
-0.789675
-0.782004
-0.802027
-0.805351
-0.743795
-0.681607
-0.647265
-0.712964
-0.652771
-0.735283
-0.454743
-0.45892
-0.68557
-0.621271
-0.612478
-0.663156
-0.672577
-0.806814
-0.781987
-0.440347
-0.817953
-0.802278
-0.801992
-0.801935
-0.789067
-0.77269
-0.764478
-0.772789
-0.756523
-0.809851
-0.739316
-0.709087
-0.764353
-0.750545
-0.750667
-0.761129
-0.767315
-0.814357
-0.685342
-0.177469
-0.784791
-0.797006
-0.801728
-0.801356
-0.801506
-0.799098
-0.796815
-0.798991
-0.795983
-0.81234
-0.808393
-0.801174
-0.807174
-0.802798
-0.802678
-0.800797
-0.80292
-0.819817
-0.681372
-0.244882
-0.749675
-0.788236
-0.800841
-0.799663
-0.800055
-0.800116
-0.79968
-0.800106
-0.799005
-0.798818
-0.800007
-0.800416
-0.800051
-0.799742
-0.800663
-0.799202
-0.798446
-0.80946
-0.766449
-0.685262
-0.835878
-0.808985
-0.804923
-0.799504
-0.799773
-0.800069
-0.799938
-0.800131
-0.800069
-0.79943
-0.799031
-0.7991
-0.799203
-0.799285
-0.799715
-0.799831
-0.798291
-0.800862
-0.796875
-0.810022
-0.780588
-0.795401
-0.80377
-0.799574
-0.799846
-0.800246
-0.800049
-0.800119
-0.800233
-0.800383
-0.800469
-0.800474
-0.800447
-0.800338
-0.800298
-0.800476
-0.800383
-0.80005
-0.792293
-0.773485
-0.698281
-0.774867
-0.80072
-0.799746
-0.7998
-0.800119
-0.799891
-0.799925
-0.799904
-0.799891
-0.799888
-0.799886
-0.799897
-0.799889
-0.799882
-0.799869
-0.800029
-0.8007
-0.797836
-0.791334
-0.718552
-0.779257
-0.801228
-0.799577
-0.799815
-0.800193
-0.799953
-0.80001
-0.80001
-0.8
-0.799996
-0.799995
-0.8
-0.799994
-0.800016
-0.799998
-0.799799
-0.80009
-0.799176
-0.797616
-0.740039
-0.78667
-0.804931
-0.799658
-0.799564
-0.800206
-0.799957
-0.800005
-0.800009
-0.800006
-0.800008
-0.800009
-0.80001
-0.799997
-0.800028
-0.800056
-0.799828
-0.800333
-0.800315
-0.799579
-0.640428
-0.766303
-0.80514
-0.800671
-0.799464
-0.800168
-0.799959
-0.8
-0.800001
-0.799997
-0.799997
-0.799998
-0.8
-0.799985
-0.800019
-0.800014
-0.799865
-0.80026
-0.796564
-0.78436
-0.670449
-0.770719
-0.801929
-0.800215
-0.799727
-0.800128
-0.799957
-0.800002
-0.8
-0.799997
-0.799997
-0.799998
-0.799999
-0.799985
-0.800025
-0.799959
-0.799909
-0.800802
-0.795898
-0.780164
-0.793762
-0.802948
-0.802859
-0.799403
-0.799983
-0.800101
-0.799958
-0.80001
-0.800006
-0.800003
-0.800004
-0.800004
-0.800005
-0.79999
-0.800041
-0.79994
-0.799966
-0.801363
-0.796162
-0.780868
-0.717149
-0.779563
-0.799186
-0.79984
-0.800064
-0.800072
-0.799968
-0.80002
-0.800012
-0.800008
-0.800009
-0.800012
-0.800014
-0.799996
-0.800058
-0.799926
-0.79997
-0.800815
-0.79103
-0.763216
-0.691395
-0.772302
-0.799673
-0.800108
-0.799936
-0.800011
-0.799873
-0.799915
-0.799908
-0.799907
-0.799904
-0.7999
-0.799903
-0.799894
-0.799962
-0.799822
-0.79995
-0.800695
-0.789412
-0.756462
-0.763435
-0.792311
-0.804775
-0.799828
-0.799985
-0.800292
-0.800069
-0.800183
-0.800246
-0.80027
-0.800255
-0.800207
-0.800172
-0.800158
-0.800247
-0.800271
-0.8002
-0.800374
-0.792517
-0.771637
-0.679671
-0.772448
-0.80427
-0.799041
-0.79917
-0.800064
-0.800135
-0.800218
-0.799794
-0.799555
-0.799751
-0.800216
-0.800397
-0.799984
-0.799684
-0.799911
-0.799288
-0.800211
-0.803904
-0.810563
-0.635893
-0.755822
-0.803978
-0.799238
-0.799483
-0.800139
-0.798822
-0.797783
-0.798503
-0.799599
-0.798473
-0.797441
-0.798036
-0.798801
-0.799527
-0.798517
-0.797701
-0.803979
-0.803048
-0.786508
-0.544418
-0.738618
-0.807546
-0.804013
-0.80591
-0.80431
-0.800992
-0.804158
-0.810528
-0.806697
-0.809633
-0.804273
-0.801183
-0.803454
-0.806587
-0.808749
-0.803723
-0.804232
-0.737902
-0.494308
-0.654724
-0.789652
-0.807308
-0.772151
-0.772936
-0.776749
-0.79019
-0.817046
-0.805677
-0.74659
-0.81229
-0.819281
-0.798641
-0.78461
-0.76716
-0.806023
-0.803766
-0.803105
-0.744101
-0.445107
-0.773912
-0.836368
-0.747641
-0.659206
-0.671693
-0.702262
-0.752509
-0.848574
-0.780966
-0.545276
-0.818357
-0.806312
-0.747331
-0.721389
-0.600487
-0.76532
-0.781032
-0.745563
-0.785849
-0.56479
-0.775695
-0.792811
-0.796202
-0.755416
-0.683278
-0.772483
-0.890244
-0.774808
-0.749521
-0.485338
-0.243145
-0.680318
-0.716816
-0.682257
-0.696624
-0.731773
-0.644981
-0.495826
-0.458157
-0.449029
-0.798377
-0.800255
-0.798893
-0.788574
-0.769456
-0.793737
-0.834078
-0.789138
-0.800692
-0.754997
-0.661731
-0.760338
-0.773237
-0.766243
-0.771346
-0.778146
-0.761607
-0.745101
-0.634981
-0.287059
-0.762472
-0.78998
-0.800194
-0.800938
-0.799423
-0.802539
-0.810546
-0.801846
-0.805277
-0.810442
-0.797411
-0.806605
-0.802715
-0.802042
-0.803668
-0.802468
-0.80419
-0.812986
-0.676359
-0.244435
-0.719336
-0.779037
-0.799328
-0.799749
-0.79973
-0.799066
-0.799267
-0.799044
-0.797723
-0.800073
-0.801738
-0.800617
-0.799163
-0.799749
-0.800407
-0.798857
-0.799054
-0.810365
-0.764779
-0.667811
-0.657159
-0.767634
-0.801781
-0.800502
-0.799611
-0.799818
-0.799711
-0.800076
-0.799785
-0.799127
-0.798987
-0.79923
-0.799577
-0.799581
-0.799773
-0.799773
-0.79813
-0.800181
-0.796234
-0.808489
-0.623337
-0.759495
-0.800656
-0.800695
-0.799946
-0.800303
-0.800146
-0.800252
-0.800386
-0.80045
-0.800427
-0.800393
-0.800353
-0.80024
-0.800226
-0.800519
-0.800376
-0.799623
-0.793915
-0.779633
-0.775678
-0.802579
-0.803461
-0.79936
-0.799921
-0.800085
-0.79987
-0.799898
-0.799884
-0.799888
-0.799897
-0.799898
-0.799908
-0.7999
-0.799886
-0.79992
-0.799937
-0.800926
-0.802217
-0.805041
-0.796641
-0.810312
-0.803274
-0.798566
-0.799954
-0.800174
-0.799952
-0.800008
-0.800003
-0.799995
-0.799994
-0.799996
-0.800002
-0.799992
-0.80002
-0.800003
-0.799717
-0.800405
-0.799823
-0.797128
-0.663108
-0.772449
-0.803051
-0.800143
-0.799644
-0.800157
-0.799961
-0.800008
-0.800009
-0.800006
-0.800006
-0.800006
-0.800007
-0.799989
-0.800043
-0.800019
-0.7998
-0.800611
-0.796595
-0.783719
-0.511752
-0.730695
-0.800402
-0.801683
-0.799561
-0.80012
-0.799955
-0.800001
-0.799999
-0.799995
-0.799996
-0.799997
-0.799997
-0.799979
-0.800043
-0.799942
-0.79982
-0.801145
-0.795569
-0.779107
-0.722424
-0.776409
-0.801817
-0.800087
-0.799809
-0.800143
-0.799941
-0.800001
-0.799999
-0.799995
-0.799995
-0.799996
-0.799997
-0.799981
-0.800041
-0.799906
-0.79999
-0.801382
-0.792896
-0.76673
-0.78898
-0.797721
-0.801974
-0.798767
-0.800007
-0.80017
-0.799937
-0.800009
-0.800006
-0.800002
-0.800002
-0.800003
-0.800004
-0.799986
-0.800043
-0.799952
-0.800026
-0.800434
-0.78931
-0.755083
-0.797832
-0.805473
-0.804098
-0.799065
-0.800039
-0.800162
-0.799947
-0.800019
-0.800014
-0.800009
-0.800013
-0.800015
-0.800015
-0.799993
-0.800047
-0.799983
-0.799756
-0.800489
-0.796704
-0.78727
-0.771484
-0.796215
-0.802589
-0.799063
-0.799914
-0.800058
-0.799832
-0.799908
-0.799912
-0.799908
-0.799902
-0.799901
-0.799909
-0.799896
-0.799949
-0.799896
-0.799693
-0.801432
-0.802165
-0.801266
-0.638797
-0.762154
-0.802437
-0.80016
-0.799817
-0.80024
-0.800055
-0.800215
-0.800235
-0.8002
-0.800147
-0.800093
-0.800108
-0.800157
-0.800243
-0.800297
-0.800065
-0.800629
-0.796643
-0.779912
-0.583418
-0.750079
-0.804129
-0.799579
-0.799347
-0.800664
-0.800424
-0.799976
-0.799467
-0.799649
-0.800238
-0.800607
-0.800498
-0.799964
-0.799667
-0.799815
-0.799308
-0.800123
-0.799964
-0.795749
-0.760692
-0.786655
-0.810307
-0.799474
-0.799852
-0.799885
-0.797849
-0.798488
-0.800949
-0.800776
-0.798548
-0.798487
-0.798969
-0.798545
-0.799858
-0.799948
-0.798937
-0.803612
-0.794733
-0.760904
-0.536363
-0.741198
-0.807837
-0.801881
-0.80264
-0.800741
-0.800173
-0.806659
-0.806038
-0.803153
-0.803524
-0.798086
-0.795877
-0.807225
-0.808706
-0.805442
-0.801526
-0.803798
-0.744822
-0.545223
-0.443102
-0.766714
-0.792823
-0.764727
-0.773912
-0.789555
-0.806462
-0.79316
-0.709269
-0.715436
-0.801719
-0.790443
-0.759475
-0.809149
-0.763039
-0.746314
-0.76967
-0.802198
-0.791233
-0.670468
-0.640851
-0.781102
-0.670543
-0.649426
-0.694351
-0.759013
-0.828524
-0.757698
-0.362886
-0.367038
-0.746533
-0.734226
-0.610573
-0.778598
-0.534256
-0.502021
-0.662896
-0.737824
-0.81686
-0.751543
-0.828016
-0.801475
-0.739849
-0.709102
-0.721689
-0.637452
-0.509937
-0.41575
-0.665539
-0.355687
-0.579326
-0.820198
-0.731376
-0.68996
-0.698585
-0.693518
-0.699185
-0.612788
-0.56567
-0.643227
-0.830801
-0.819035
-0.789925
-0.777612
-0.780921
-0.764234
-0.731945
-0.709235
-0.80561
-0.699612
-0.732059
-0.797774
-0.778119
-0.771377
-0.774367
-0.771628
-0.771819
-0.76578
-0.690773
-0.497633
-0.821925
-0.813635
-0.805718
-0.802029
-0.805468
-0.805592
-0.802011
-0.794411
-0.814901
-0.801496
-0.803466
-0.805698
-0.800381
-0.802094
-0.803687
-0.802066
-0.804975
-0.811707
-0.684674
-0.276125
-0.818476
-0.807431
-0.803464
-0.79907
-0.799876
-0.800624
-0.801159
-0.79914
-0.798695
-0.800736
-0.801478
-0.799341
-0.799351
-0.800253
-0.80058
-0.799409
-0.799703
-0.808951
-0.75986
-0.646326
-0.713
-0.781202
-0.801367
-0.799416
-0.799255
-0.799532
-0.79955
-0.799685
-0.799211
-0.79904
-0.799195
-0.799572
-0.799879
-0.799664
-0.799736
-0.799781
-0.798178
-0.800237
-0.800209
-0.825398
-0.663231
-0.767153
-0.79969
-0.800229
-0.800046
-0.800352
-0.800218
-0.800378
-0.800483
-0.800451
-0.800359
-0.800294
-0.800231
-0.80014
-0.80017
-0.8005
-0.800233
-0.799815
-0.797061
-0.789126
-0.724137
-0.787488
-0.800579
-0.79934
-0.79995
-0.800054
-0.79986
-0.799894
-0.79989
-0.7999
-0.799911
-0.799916
-0.799931
-0.799922
-0.799922
-0.799939
-0.799935
-0.800981
-0.798854
-0.790345
-0.768141
-0.799688
-0.801602
-0.799017
-0.800024
-0.800122
-0.799957
-0.800009
-0.800002
-0.799998
-0.8
-0.800004
-0.80001
-0.799991
-0.800048
-0.799965
-0.799733
-0.800802
-0.794702
-0.776056
-0.764344
-0.792797
-0.802822
-0.800045
-0.799894
-0.800087
-0.799964
-0.800019
-0.800015
-0.800012
-0.800012
-0.800012
-0.800011
-0.799987
-0.800082
-0.799947
-0.799821
-0.801334
-0.790836
-0.757091
-0.677854
-0.767244
-0.79828
-0.800144
-0.800035
-0.800098
-0.799944
-0.800011
-0.800007
-0.800004
-0.800004
-0.800006
-0.800007
-0.799983
-0.800081
-0.79988
-0.799869
-0.802116
-0.792028
-0.761174
-0.861873
-0.813877
-0.803641
-0.79833
-0.799991
-0.800212
-0.799926
-0.800009
-0.800009
-0.800003
-0.800004
-0.800007
-0.800008
-0.799985
-0.800067
-0.799914
-0.799945
-0.80128
-0.79025
-0.758397
-0.674814
-0.773894
-0.80474
-0.799243
-0.79971
-0.800289
-0.799928
-0.800014
-0.800016
-0.800009
-0.80001
-0.800011
-0.800013
-0.79999
-0.800054
-0.800012
-0.799833
-0.800508
-0.794748
-0.777582
-0.564372
-0.749345
-0.802937
-0.799924
-0.799702
-0.800281
-0.799934
-0.80002
-0.80002
-0.800016
-0.800018
-0.800019
-0.800018
-0.799992
-0.800051
-0.800031
-0.799681
-0.801181
-0.801603
-0.798988
-0.818245
-0.810731
-0.806052
-0.798619
-0.799838
-0.800104
-0.7998
-0.799899
-0.799903
-0.799898
-0.799906
-0.799923
-0.799933
-0.799905
-0.799963
-0.799905
-0.799731
-0.801004
-0.794807
-0.771018
-0.67778
-0.770606
-0.802228
-0.799806
-0.79995
-0.800327
-0.800178
-0.800331
-0.800297
-0.800213
-0.800134
-0.800099
-0.800144
-0.800186
-0.800267
-0.800262
-0.800228
-0.800699
-0.789308
-0.755396
-0.533991
-0.736371
-0.803992
-0.800721
-0.799835
-0.80078
-0.800034
-0.799604
-0.799555
-0.800045
-0.800419
-0.800104
-0.799799
-0.799795
-0.799907
-0.799906
-0.799443
-0.80078
-0.798107
-0.792871
-0.567752
-0.7457
-0.808558
-0.799687
-0.798357
-0.798296
-0.797523
-0.799476
-0.800028
-0.798512
-0.797791
-0.799228
-0.799579
-0.798585
-0.799296
-0.799547
-0.798418
-0.80142
-0.794804
-0.767701
-0.523907
-0.736724
-0.807413
-0.799797
-0.799284
-0.800538
-0.806101
-0.809836
-0.807252
-0.80804
-0.798878
-0.806034
-0.809493
-0.806379
-0.799525
-0.803104
-0.806896
-0.802744
-0.764972
-0.653176
-0.650178
-0.804839
-0.812198
-0.793577
-0.795284
-0.798741
-0.799767
-0.752817
-0.73924
-0.814018
-0.795642
-0.802513
-0.796999
-0.795571
-0.742832
-0.761218
-0.808215
-0.801101
-0.806278
-0.857788
-0.775933
-0.736214
-0.758889
-0.795431
-0.790107
-0.791657
-0.784895
-0.567951
-0.522786
-0.783564
-0.754687
-0.758756
-0.699757
-0.75264
-0.571036
-0.633639
-0.804672
-0.740919
-0.771096
-0.841974
-0.71757
-0.675417
-0.641376
-0.652094
-0.601109
-0.581515
-0.570143
-0.574631
-0.462801
-0.459854
-0.776538
-0.806632
-0.731792
-0.707581
-0.720528
-0.642812
-0.689291
-0.807351
-0.779174
-0.748535
-0.67465
-0.75378
-0.764231
-0.764264
-0.751083
-0.73927
-0.734661
-0.777588
-0.755749
-0.70696
-0.784571
-0.795745
-0.780704
-0.775159
-0.777995
-0.75776
-0.767973
-0.811745
-0.750008
-0.543366
-0.626663
-0.763536
-0.801688
-0.804373
-0.803247
-0.80114
-0.798271
-0.811101
-0.812866
-0.798342
-0.80369
-0.800145
-0.800459
-0.801125
-0.801763
-0.797744
-0.800314
-0.811475
-0.688956
-0.284164
-0.708652
-0.779727
-0.801353
-0.799832
-0.800395
-0.801085
-0.799843
-0.799597
-0.800572
-0.800779
-0.799777
-0.798824
-0.800307
-0.800446
-0.800438
-0.799746
-0.799507
-0.807086
-0.762978
-0.667484
-0.775922
-0.801336
-0.805629
-0.799246
-0.799246
-0.799775
-0.799559
-0.7992
-0.798952
-0.799257
-0.799641
-0.800018
-0.80006
-0.799719
-0.799817
-0.800007
-0.798339
-0.800878
-0.807503
-0.848922
-0.769569
-0.802381
-0.806502
-0.80015
-0.800085
-0.800412
-0.800295
-0.800451
-0.800476
-0.800396
-0.800293
-0.800203
-0.800136
-0.800083
-0.800153
-0.800446
-0.800102
-0.79989
-0.794754
-0.778128
-0.73542
-0.794951
-0.803232
-0.799445
-0.799819
-0.800037
-0.799857
-0.799911
-0.799917
-0.799924
-0.799935
-0.799948
-0.799972
-0.799958
-0.799992
-0.799929
-0.799952
-0.801567
-0.79429
-0.770864
-0.675916
-0.773655
-0.799325
-0.799792
-0.799941
-0.800088
-0.799972
-0.800021
-0.800013
-0.800013
-0.800019
-0.800025
-0.800029
-0.799999
-0.800106
-0.799919
-0.799656
-0.801767
-0.791646
-0.761979
-0.796822
-0.802565
-0.803388
-0.800202
-0.800078
-0.800044
-0.799973
-0.800036
-0.800029
-0.800028
-0.800029
-0.800031
-0.80003
-0.799994
-0.800141
-0.799894
-0.799777
-0.802284
-0.786802
-0.739357
-0.765025
-0.793714
-0.798136
-0.798737
-0.800391
-0.800113
-0.799937
-0.800025
-0.800021
-0.800019
-0.800022
-0.800024
-0.800024
-0.799991
-0.800127
-0.799856
-0.799947
-0.802348
-0.784139
-0.72797
-0.867369
-0.826005
-0.807611
-0.797588
-0.79989
-0.800305
-0.79992
-0.800017
-0.800019
-0.800015
-0.800016
-0.800017
-0.800019
-0.799988
-0.800092
-0.799949
-0.799843
-0.801194
-0.78901
-0.754131
-0.426209
-0.7245
-0.809138
-0.800802
-0.799013
-0.800428
-0.799936
-0.800022
-0.800029
-0.80002
-0.800019
-0.800018
-0.80002
-0.799993
-0.800067
-0.800067
-0.799662
-0.80114
-0.800896
-0.796487
-0.348388
-0.694238
-0.803822
-0.801248
-0.79906
-0.800421
-0.799936
-0.800026
-0.800036
-0.800031
-0.80003
-0.800028
-0.800027
-0.800002
-0.800077
-0.800053
-0.799759
-0.800589
-0.793799
-0.769867
-0.84023
-0.807339
-0.805768
-0.798309
-0.799798
-0.800172
-0.799782
-0.7999
-0.799905
-0.799908
-0.799931
-0.799958
-0.799968
-0.799938
-0.800031
-0.799841
-0.799755
-0.801407
-0.788917
-0.750869
-0.767661
-0.787714
-0.799478
-0.798931
-0.800569
-0.800521
-0.800358
-0.800491
-0.800402
-0.800272
-0.800185
-0.800168
-0.8002
-0.800205
-0.800322
-0.800127
-0.800199
-0.8026
-0.788798
-0.749392
-0.692061
-0.769776
-0.805544
-0.800659
-0.799987
-0.799958
-0.799186
-0.799318
-0.799783
-0.800287
-0.800228
-0.799626
-0.799466
-0.799767
-0.800031
-0.799871
-0.79913
-0.799754
-0.785252
-0.740223
-0.473874
-0.724771
-0.80818
-0.799305
-0.79651
-0.798115
-0.799088
-0.799521
-0.797854
-0.796753
-0.798207
-0.800544
-0.800966
-0.79906
-0.798675
-0.79933
-0.798312
-0.803708
-0.806374
-0.793914
-0.397286
-0.707666
-0.80576
-0.798753
-0.801892
-0.811655
-0.815291
-0.808868
-0.806058
-0.804287
-0.803313
-0.806472
-0.803963
-0.803598
-0.807682
-0.808567
-0.803496
-0.804019
-0.779093
-0.676788
-0.765034
-0.811464
-0.817274
-0.799989
-0.802548
-0.792512
-0.749028
-0.707927
-0.769538
-0.823404
-0.804049
-0.753248
-0.719298
-0.774936
-0.816796
-0.799188
-0.770826
-0.770786
-0.780614
-0.742421
-0.797823
-0.776381
-0.791838
-0.817968
-0.807092
-0.726931
-0.526546
-0.373475
-0.641778
-0.850247
-0.806951
-0.565505
-0.415561
-0.683013
-0.827139
-0.738374
-0.638097
-0.642507
-0.768327
-0.802604
-0.649433
-0.650786
-0.621358
-0.651607
-0.658335
-0.737109
-0.800922
-0.479441
-0.354601
-0.736219
-0.811234
-0.788333
-0.732569
-0.764216
-0.804452
-0.772567
-0.774742
-0.802323
-0.802602
-0.837537
-0.661326
-0.744526
-0.752782
-0.762712
-0.758538
-0.775597
-0.817831
-0.750044
-0.685709
-0.776338
-0.805147
-0.798283
-0.781756
-0.789334
-0.80543
-0.797995
-0.792594
-0.815265
-0.761498
-0.549246
-0.710093
-0.780895
-0.800771
-0.805816
-0.803284
-0.799577
-0.809559
-0.80802
-0.794618
-0.803264
-0.80325
-0.800298
-0.79863
-0.799836
-0.803583
-0.802186
-0.800941
-0.808029
-0.688564
-0.287404
-0.756374
-0.787417
-0.800074
-0.799226
-0.800027
-0.798488
-0.797913
-0.800172
-0.800686
-0.800005
-0.798955
-0.79919
-0.799977
-0.799608
-0.799761
-0.79939
-0.798783
-0.806565
-0.771168
-0.701217
-0.640002
-0.758326
-0.798421
-0.799253
-0.799507
-0.800068
-0.799511
-0.799183
-0.79925
-0.799492
-0.799776
-0.799953
-0.799904
-0.799658
-0.799769
-0.79997
-0.798269
-0.801163
-0.808377
-0.840531
-0.578569
-0.742884
-0.795425
-0.799897
-0.800296
-0.800501
-0.800308
-0.800366
-0.800296
-0.800185
-0.800075
-0.799986
-0.799957
-0.799939
-0.800048
-0.800252
-0.799993
-0.799994
-0.787231
-0.746932
-0.731272
-0.797268
-0.804839
-0.799438
-0.799738
-0.800029
-0.799806
-0.799862
-0.799859
-0.799855
-0.799862
-0.799882
-0.799915
-0.799903
-0.800003
-0.799812
-0.799865
-0.802702
-0.790248
-0.751501
-0.651589
-0.773201
-0.801971
-0.800324
-0.799817
-0.800052
-0.799908
-0.799944
-0.799925
-0.799916
-0.799918
-0.799926
-0.799933
-0.799895
-0.800068
-0.799764
-0.799401
-0.802421
-0.786581
-0.740127
-0.720573
-0.784337
-0.800908
-0.800272
-0.800078
-0.799964
-0.799868
-0.799922
-0.799895
-0.799878
-0.799874
-0.799878
-0.799877
-0.799827
-0.800028
-0.79968
-0.799442
-0.802981
-0.783855
-0.727846
-0.761366
-0.790666
-0.797462
-0.798443
-0.800365
-0.800026
-0.799805
-0.799888
-0.799862
-0.799841
-0.799837
-0.799839
-0.799836
-0.799787
-0.799965
-0.799617
-0.799649
-0.802712
-0.779995
-0.71221
-0.762153
-0.799024
-0.807739
-0.798311
-0.799635
-0.800231
-0.799781
-0.799873
-0.799859
-0.79984
-0.799836
-0.799834
-0.799831
-0.799787
-0.799913
-0.799741
-0.79951
-0.801409
-0.787937
-0.748315
-0.259166
-0.680439
-0.809331
-0.802056
-0.798482
-0.800383
-0.799795
-0.799877
-0.799879
-0.799865
-0.799861
-0.799856
-0.799854
-0.799816
-0.799891
-0.799902
-0.799317
-0.801046
-0.80195
-0.800522
-0.381651
-0.70177
-0.810871
-0.801569
-0.798379
-0.800403
-0.799795
-0.79989
-0.799909
-0.799908
-0.799906
-0.799899
-0.799901
-0.799877
-0.799944
-0.799888
-0.799601
-0.800123
-0.79031
-0.760818
-0.838591
-0.805089
-0.806903
-0.797629
-0.799463
-0.80014
-0.799645
-0.799779
-0.799808
-0.799836
-0.799869
-0.799892
-0.799907
-0.799896
-0.799992
-0.79959
-0.799672
-0.802939
-0.789321
-0.747149
-0.813937
-0.796661
-0.796955
-0.798071
-0.801048
-0.800578
-0.800326
-0.800432
-0.800295
-0.800168
-0.800133
-0.800148
-0.800154
-0.800117
-0.800206
-0.799662
-0.799957
-0.804243
-0.784329
-0.722786
-0.813615
-0.796412
-0.802316
-0.79886
-0.79971
-0.79905
-0.798722
-0.799188
-0.79962
-0.799934
-0.799861
-0.799574
-0.799624
-0.799888
-0.800081
-0.799562
-0.798629
-0.800115
-0.776994
-0.704801
-0.54625
-0.738972
-0.808172
-0.798435
-0.797916
-0.80067
-0.799768
-0.798356
-0.798207
-0.799211
-0.799763
-0.799938
-0.799899
-0.798866
-0.799283
-0.799947
-0.798079
-0.806167
-0.805249
-0.773116
-0.211167
-0.667467
-0.808082
-0.805027
-0.812406
-0.815854
-0.809319
-0.813003
-0.81257
-0.804591
-0.803555
-0.80423
-0.803652
-0.802623
-0.801164
-0.798471
-0.80157
-0.807288
-0.724074
-0.405648
-0.490479
-0.744401
-0.810936
-0.789144
-0.770133
-0.702227
-0.669401
-0.752601
-0.790232
-0.759396
-0.760451
-0.760472
-0.767853
-0.797084
-0.783048
-0.740135
-0.770349
-0.815387
-0.729139
-0.371182
-0.696429
-0.824185
-0.783471
-0.740949
-0.624627
-0.307556
-0.177674
-0.469288
-0.602488
-0.559846
-0.618924
-0.637093
-0.678287
-0.789245
-0.716647
-0.549896
-0.66089
-0.809865
-0.833336
-0.689647
-0.85745
-0.718635
-0.611144
-0.53528
-0.553545
-0.75395
-0.602184
-0.497751
-0.801572
-0.827603
-0.643142
-0.748178
-0.808976
-0.793002
-0.747906
-0.703545
-0.772456
-0.81539
-0.823271
-0.75179
-0.798773
-0.81921
-0.762387
-0.732929
-0.737251
-0.805313
-0.769468
-0.718201
-0.790498
-0.813527
-0.770886
-0.798236
-0.806595
-0.803388
-0.790826
-0.778312
-0.79664
-0.822842
-0.734055
-0.351773
-0.780557
-0.832675
-0.817684
-0.806322
-0.798735
-0.807378
-0.806635
-0.798354
-0.804655
-0.805442
-0.798713
-0.803605
-0.802808
-0.801764
-0.801177
-0.7993
-0.802734
-0.808064
-0.670346
-0.223198
-0.763726
-0.808014
-0.809461
-0.801328
-0.798984
-0.79818
-0.799278
-0.800554
-0.800001
-0.799377
-0.800149
-0.800791
-0.800428
-0.800118
-0.80069
-0.800408
-0.799501
-0.808019
-0.780805
-0.738287
-0.73444
-0.784091
-0.804265
-0.799133
-0.799296
-0.799913
-0.799372
-0.799381
-0.799655
-0.799978
-0.800176
-0.800141
-0.800127
-0.799978
-0.800082
-0.800212
-0.798507
-0.80159
-0.80446
-0.812982
-0.836642
-0.811464
-0.806044
-0.798877
-0.800081
-0.800597
-0.800263
-0.800292
-0.800278
-0.800242
-0.800167
-0.800085
-0.800031
-0.799925
-0.799994
-0.800046
-0.799967
-0.800761
-0.781069
-0.721516
-0.746016
-0.797884
-0.805932
-0.79905
-0.799628
-0.80012
-0.799858
-0.799978
-0.800055
-0.800116
-0.800142
-0.800126
-0.800094
-0.800025
-0.800168
-0.799806
-0.799892
-0.804041
-0.785739
-0.729579
-0.635256
-0.761681
-0.798964
-0.799659
-0.799842
-0.800172
-0.800004
-0.80012
-0.800173
-0.800197
-0.80019
-0.800163
-0.800135
-0.800071
-0.800312
-0.799913
-0.799601
-0.803187
-0.778546
-0.704735
-0.776289
-0.798237
-0.803027
-0.799759
-0.800094
-0.800144
-0.80005
-0.800176
-0.800191
-0.80017
-0.800145
-0.800137
-0.800134
-0.800075
-0.800355
-0.799956
-0.799727
-0.804302
-0.780272
-0.711315
-0.781145
-0.799416
-0.801712
-0.798848
-0.800373
-0.800296
-0.800134
-0.800292
-0.800293
-0.800266
-0.800262
-0.800291
-0.800313
-0.800257
-0.800503
-0.80009
-0.800149
-0.804561
-0.777071
-0.694722
-0.757432
-0.798471
-0.807391
-0.798502
-0.79992
-0.800541
-0.80019
-0.800388
-0.800411
-0.8004
-0.800424
-0.800477
-0.800513
-0.800454
-0.800605
-0.800373
-0.800255
-0.802997
-0.782193
-0.720276
-0.304044
-0.679611
-0.802663
-0.801039
-0.79909
-0.800693
-0.800164
-0.800344
-0.800374
-0.800372
-0.800409
-0.80046
-0.800488
-0.80042
-0.800469
-0.800515
-0.799938
-0.802281
-0.802683
-0.806477
-0.348124
-0.690601
-0.809427
-0.801703
-0.798688
-0.800734
-0.800096
-0.800192
-0.800173
-0.800162
-0.800196
-0.800225
-0.800238
-0.800175
-0.800181
-0.800303
-0.800064
-0.801102
-0.796789
-0.787102
-0.673741
-0.772293
-0.811142
-0.799161
-0.799205
-0.800521
-0.799928
-0.799968
-0.799892
-0.799868
-0.799899
-0.79992
-0.799935
-0.79989
-0.799892
-0.799718
-0.800423
-0.802661
-0.782094
-0.71963
-0.792629
-0.796004
-0.802472
-0.798699
-0.801064
-0.801031
-0.80059
-0.800533
-0.80025
-0.800075
-0.800064
-0.800066
-0.800024
-0.799891
-0.799809
-0.799466
-0.801443
-0.806704
-0.777321
-0.685868
-0.862564
-0.80885
-0.799251
-0.796882
-0.80005
-0.799623
-0.799551
-0.800041
-0.800098
-0.799993
-0.799931
-0.799913
-0.800038
-0.800131
-0.800099
-0.799865
-0.800796
-0.803939
-0.770782
-0.666824
-0.703388
-0.771889
-0.807829
-0.797962
-0.799792
-0.799788
-0.797915
-0.798018
-0.799478
-0.800595
-0.799413
-0.798739
-0.799297
-0.799374
-0.800218
-0.800837
-0.799084
-0.810618
-0.813511
-0.795697
-0.137924
-0.651869
-0.815599
-0.812176
-0.809046
-0.807807
-0.813495
-0.810905
-0.802463
-0.802903
-0.80454
-0.806157
-0.80544
-0.802051
-0.802925
-0.805128
-0.805592
-0.812313
-0.723262
-0.408144
-0.101534
-0.663017
-0.809807
-0.765519
-0.700838
-0.697651
-0.783085
-0.793639
-0.745676
-0.748545
-0.787471
-0.812177
-0.809887
-0.806212
-0.805136
-0.799121
-0.810711
-0.828964
-0.703893
-0.301728
-0.509337
-0.819051
-0.772476
-0.602566
-0.34952
-0.332294
-0.611225
-0.635449
-0.522974
-0.575558
-0.745171
-0.83108
-0.814419
-0.820181
-0.821373
-0.78036
-0.799094
-0.818453
-0.774451
-0.675471
-0.549458
-0.334636
-0.241462
-0.382836
-0.696978
-0.590763
-0.433583
-0.643515
-0.807865
-0.754559
-0.637759
-0.69319
-0.74846
-0.745258
-0.79179
-0.750191
-0.757786
-0.760809
-0.781051
-0.753874
-0.779333
-0.708077
-0.65799
-0.694387
-0.795503
-0.769156
-0.708735
-0.754609
-0.799543
-0.793225
-0.771671
-0.779282
-0.785927
-0.790868
-0.798185
-0.780144
-0.783772
-0.823636
-0.756953
-0.183098
-0.689241
-0.783947
-0.795962
-0.79643
-0.810218
-0.809466
-0.801604
-0.805251
-0.803443
-0.799831
-0.799454
-0.799389
-0.797124
-0.797943
-0.800358
-0.79655
-0.798116
-0.806479
-0.665329
-0.202324
-0.443923
-0.718908
-0.798405
-0.801852
-0.799363
-0.800616
-0.801947
-0.801713
-0.799428
-0.799231
-0.800537
-0.800076
-0.799248
-0.799454
-0.800581
-0.800065
-0.798347
-0.807884
-0.792054
-0.78848
-0.466697
-0.720229
-0.796612
-0.800295
-0.79954
-0.799969
-0.799638
-0.799987
-0.800528
-0.800822
-0.80071
-0.800562
-0.800759
-0.800971
-0.801343
-0.801373
-0.799347
-0.800889
-0.793405
-0.762308
-0.710601
-0.801731
-0.811072
-0.800129
-0.799897
-0.800635
-0.800439
-0.80062
-0.80055
-0.800393
-0.800369
-0.800504
-0.80062
-0.800478
-0.800395
-0.800204
-0.800391
-0.802539
-0.780259
-0.717861
-0.492619
-0.732393
-0.800004
-0.800218
-0.799333
-0.799984
-0.799839
-0.799938
-0.799769
-0.799627
-0.79971
-0.799903
-0.799955
-0.799754
-0.799788
-0.799319
-0.799741
-0.804989
-0.780633
-0.705299
-0.765684
-0.794934
-0.805431
-0.799816
-0.799764
-0.800316
-0.800133
-0.800097
-0.799947
-0.799867
-0.799895
-0.799945
-0.799974
-0.799934
-0.800258
-0.799855
-0.7996
-0.803497
-0.773472
-0.687124
-0.760533
-0.797788
-0.804912
-0.799685
-0.80011
-0.800565
-0.80038
-0.800311
-0.800365
-0.800586
-0.800648
-0.800557
-0.800566
-0.800587
-0.800942
-0.80041
-0.799842
-0.80456
-0.775378
-0.693568
-0.599496
-0.752798
-0.799514
-0.799887
-0.800086
-0.800411
-0.800049
-0.799993
-0.800203
-0.80055
-0.800594
-0.800476
-0.800455
-0.800386
-0.800639
-0.799983
-0.799784
-0.805032
-0.76883
-0.659508
-0.759312
-0.803707
-0.808755
-0.798452
-0.799784
-0.800315
-0.799613
-0.799573
-0.799731
-0.799833
-0.799693
-0.799578
-0.799597
-0.799516
-0.799737
-0.799401
-0.799419
-0.803554
-0.770236
-0.669572
-0.738854
-0.790612
-0.808475
-0.798139
-0.799909
-0.800784
-0.799865
-0.799853
-0.799895
-0.799808
-0.799597
-0.799504
-0.799587
-0.79958
-0.799802
-0.800018
-0.799209
-0.801407
-0.789818
-0.762612
-0.45751
-0.711577
-0.803143
-0.79973
-0.799726
-0.801043
-0.800168
-0.800344
-0.800437
-0.800394
-0.800358
-0.800362
-0.800386
-0.800327
-0.800529
-0.801067
-0.799407
-0.799959
-0.801463
-0.810944
-0.331395
-0.69381
-0.809234
-0.801699
-0.798783
-0.800343
-0.799769
-0.800209
-0.800425
-0.800363
-0.800383
-0.800458
-0.800418
-0.800225
-0.800364
-0.800932
-0.799305
-0.797494
-0.78407
-0.750845
-0.554605
-0.746385
-0.809708
-0.801152
-0.799602
-0.800365
-0.799928
-0.800392
-0.800568
-0.800339
-0.800215
-0.800263
-0.800199
-0.799873
-0.799902
-0.800738
-0.800589
-0.799197
-0.77105
-0.70471
-0.86138
-0.810972
-0.801603
-0.796028
-0.799926
-0.800089
-0.799866
-0.800459
-0.800582
-0.800316
-0.800175
-0.800329
-0.800558
-0.800496
-0.800798
-0.802281
-0.800795
-0.790739
-0.728841
-0.556958
-0.808322
-0.797775
-0.808238
-0.797461
-0.799217
-0.798476
-0.797688
-0.798288
-0.798964
-0.79908
-0.798689
-0.799363
-0.800048
-0.799279
-0.799597
-0.800877
-0.796251
-0.800959
-0.792632
-0.748826
-0.110589
-0.644738
-0.817976
-0.811281
-0.80585
-0.815436
-0.805724
-0.798192
-0.803787
-0.804372
-0.80519
-0.80227
-0.799243
-0.79749
-0.798644
-0.795829
-0.7923
-0.807736
-0.72015
-0.412383
0.124608
-0.619271
-0.802966
-0.740458
-0.735104
-0.82724
-0.790923
-0.768216
-0.801635
-0.792781
-0.797464
-0.767158
-0.752403
-0.776324
-0.794744
-0.770246
-0.766293
-0.806148
-0.616557
-0.0583207
-0.429052
-0.832276
-0.742138
-0.501927
-0.520216
-0.845131
-0.717417
-0.690291
-0.782429
-0.726585
-0.756166
-0.63602
-0.593301
-0.721638
-0.780857
-0.677312
-0.670497
-0.790001
-0.609313
-0.411331
-0.784087
-0.670021
-0.620216
-0.711987
-0.651086
-0.454837
-0.557616
-0.622694
-0.709502
-0.770106
-0.752782
-0.839951
-0.84675
-0.813384
-0.847061
-0.882611
-0.870379
-0.539285
-0.590217
-0.757457
-0.81187
-0.820711
-0.782462
-0.796214
-0.775728
-0.708069
-0.731436
-0.751297
-0.773001
-0.791881
-0.788219
-0.801056
-0.803067
-0.79769
-0.798662
-0.801203
-0.795992
-0.792585
-0.811078
-0.11163
-0.7241
-0.816092
-0.814914
-0.804732
-0.80239
-0.793437
-0.797715
-0.797002
-0.796174
-0.799393
-0.799853
-0.800873
-0.802063
-0.801995
-0.800665
-0.800778
-0.803469
-0.809769
-0.684157
-0.216967
-0.769723
-0.800072
-0.805533
-0.795825
-0.79677
-0.798762
-0.799127
-0.798255
-0.797231
-0.796804
-0.796483
-0.796243
-0.796802
-0.79661
-0.79611
-0.796239
-0.795564
-0.805031
-0.792669
-0.808367
-0.734718
-0.783982
-0.799695
-0.797433
-0.798594
-0.798824
-0.798435
-0.798679
-0.798657
-0.798056
-0.797533
-0.797593
-0.797592
-0.797522
-0.798477
-0.799236
-0.797034
-0.79766
-0.790522
-0.765267
-0.691291
-0.790476
-0.807381
-0.800419
-0.800079
-0.800581
-0.800095
-0.799402
-0.798812
-0.79863
-0.798467
-0.798501
-0.798594
-0.799063
-0.799801
-0.799754
-0.800205
-0.803084
-0.78007
-0.717395
-0.442943
-0.714015
-0.796645
-0.800768
-0.799149
-0.799949
-0.799383
-0.798779
-0.798811
-0.798635
-0.798137
-0.798025
-0.798291
-0.798928
-0.799557
-0.798682
-0.798881
-0.803543
-0.770296
-0.664189
-0.76608
-0.797876
-0.804813
-0.799191
-0.799168
-0.799721
-0.799084
-0.79884
-0.799017
-0.79891
-0.798828
-0.799087
-0.79913
-0.799028
-0.799267
-0.798506
-0.797696
-0.802001
-0.776038
-0.70887
-0.73548
-0.78497
-0.799667
-0.798386
-0.79922
-0.798798
-0.798122
-0.798026
-0.797546
-0.797239
-0.797618
-0.797999
-0.797947
-0.797374
-0.797259
-0.796967
-0.796698
-0.802408
-0.775512
-0.704772
-0.572741
-0.741777
-0.798676
-0.799473
-0.798429
-0.797764
-0.797291
-0.797849
-0.797158
-0.796204
-0.796008
-0.795974
-0.795882
-0.795923
-0.796546
-0.795573
-0.795183
-0.802622
-0.760004
-0.630033
-0.514862
-0.734571
-0.801159
-0.798949
-0.798349
-0.798676
-0.798096
-0.798058
-0.797511
-0.797318
-0.797545
-0.797491
-0.796967
-0.796924
-0.797864
-0.796678
-0.795679
-0.803392
-0.758762
-0.621811
-0.695818
-0.787603
-0.806489
-0.79683
-0.798151
-0.798557
-0.797923
-0.797342
-0.796821
-0.797367
-0.797819
-0.797533
-0.797153
-0.796803
-0.797287
-0.797199
-0.795645
-0.801304
-0.771445
-0.688356
-0.834953
-0.818266
-0.811779
-0.795732
-0.79691
-0.797426
-0.797232
-0.797738
-0.797909
-0.79787
-0.797434
-0.79712
-0.797475
-0.797398
-0.797547
-0.79767
-0.794896
-0.803063
-0.798414
-0.790163
-0.313364
-0.688722
-0.804922
-0.799139
-0.796783
-0.798762
-0.798414
-0.798482
-0.799149
-0.799189
-0.798702
-0.798797
-0.799185
-0.799218
-0.799734
-0.799399
-0.795136
-0.807602
-0.815347
-0.84071
-0.227949
-0.664562
-0.8043
-0.802111
-0.797761
-0.799308
-0.798804
-0.797886
-0.798732
-0.800225
-0.800455
-0.800321
-0.800295
-0.80014
-0.801058
-0.801005
-0.795519
-0.810068
-0.828582
-0.894693
-0.79425
-0.792875
-0.804297
-0.796967
-0.797622
-0.797786
-0.798546
-0.79797
-0.79784
-0.799175
-0.799612
-0.79955
-0.799882
-0.799898
-0.801211
-0.801696
-0.792842
-0.802743
-0.816612
-0.850161
-0.817125
-0.800066
-0.806336
-0.796075
-0.796068
-0.796707
-0.798564
-0.798113
-0.796535
-0.796486
-0.796501
-0.79644
-0.796304
-0.795171
-0.795987
-0.795094
-0.784734
-0.811867
-0.851674
-0.963684
-0.252945
-0.674103
-0.812137
-0.804483
-0.805116
-0.802058
-0.795962
-0.801452
-0.801941
-0.80079
-0.805744
-0.806335
-0.80887
-0.807628
-0.807593
-0.806435
-0.80158
-0.830052
-0.72697
-0.387814
-0.200992
-0.670139
-0.773676
-0.737575
-0.788528
-0.7656
-0.732088
-0.790393
-0.802954
-0.772494
-0.773374
-0.761881
-0.788285
-0.805719
-0.810923
-0.81886
-0.822538
-0.843347
-0.613547
0.0412567
-0.692821
-0.787787
-0.605388
-0.511128
-0.68471
-0.584983
-0.528322
-0.758054
-0.81692
-0.713435
-0.694539
-0.642978
-0.762521
-0.843494
-0.83771
-0.846217
-0.856177
-0.88706
-0.684911
-0.555333
-0.592147
-0.615448
-0.626645
-0.707097
-0.75782
-0.770506
-0.763803
-0.660496
-0.577324
-0.479264
-0.417561
-0.425555
-0.372123
-0.365248
-0.425608
-0.343029
-0.209118
-0.119984
-0.690976
-0.487156
-0.378821
-0.724068
-0.804995
-0.80269
-0.79817
-0.818986
-0.842908
-0.824152
-0.801344
-0.775937
-0.756693
-0.747541
-0.736283
-0.739969
-0.754435
-0.735623
-0.707718
-0.756572
-0.819451
0.0287975
-0.312563
-0.712339
-0.823583
-0.817282
-0.811851
-0.81624
-0.819493
-0.817573
-0.817022
-0.81646
-0.816717
-0.820779
-0.820812
-0.814651
-0.816455
-0.812722
-0.81408
-0.8299
-0.69788
-0.202361
-0.607757
-0.765277
-0.812007
-0.805556
-0.805722
-0.80724
-0.806188
-0.806626
-0.808381
-0.809703
-0.811603
-0.813494
-0.81528
-0.815083
-0.809623
-0.80633
-0.808085
-0.817871
-0.792333
-0.787017
-0.797029
-0.806871
-0.800832
-0.797024
-0.799696
-0.79897
-0.798626
-0.799034
-0.79941
-0.801672
-0.805051
-0.807252
-0.805852
-0.800178
-0.794671
-0.796939
-0.798715
-0.801818
-0.807
-0.82705
-0.794885
-0.806153
-0.804163
-0.800129
-0.802002
-0.80296
-0.801196
-0.800203
-0.803328
-0.806165
-0.805362
-0.802681
-0.800456
-0.800674
-0.803853
-0.804446
-0.802174
-0.803964
-0.780304
-0.70914
-0.690725
-0.77052
-0.801472
-0.801744
-0.802042
-0.803739
-0.802768
-0.804829
-0.808654
-0.80971
-0.811197
-0.80892
-0.807986
-0.807736
-0.80824
-0.806958
-0.80492
-0.807953
-0.769691
-0.651546
-0.779705
-0.801959
-0.802499
-0.800674
-0.802531
-0.802205
-0.803253
-0.806003
-0.807209
-0.811486
-0.810782
-0.809122
-0.808818
-0.808325
-0.807453
-0.806598
-0.807348
-0.810003
-0.789139
-0.747236
-0.810045
-0.810314
-0.803105
-0.801279
-0.802648
-0.801043
-0.802538
-0.805939
-0.807235
-0.804391
-0.802912
-0.805386
-0.804604
-0.803409
-0.805061
-0.804694
-0.806192
-0.813691
-0.7885
-0.717247
-0.827666
-0.813951
-0.815733
-0.807474
-0.805298
-0.80637
-0.808663
-0.811979
-0.81195
-0.807952
-0.809203
-0.810723
-0.811139
-0.81062
-0.812507
-0.812995
-0.81482
-0.825298
-0.772275
-0.612053
-0.586167
-0.754106
-0.815267
-0.810666
-0.806807
-0.810129
-0.815525
-0.817221
-0.81575
-0.816828
-0.819009
-0.819843
-0.821106
-0.822096
-0.821269
-0.821082
-0.822175
-0.831276
-0.764572
-0.574407
-0.411068
-0.711498
-0.803155
-0.805896
-0.804907
-0.805852
-0.809465
-0.815081
-0.815752
-0.815385
-0.818183
-0.820696
-0.819413
-0.818301
-0.819288
-0.816259
-0.814469
-0.826391
-0.768504
-0.596736
-0.720012
-0.798441
-0.810536
-0.797777
-0.80161
-0.808026
-0.808055
-0.805404
-0.804029
-0.804709
-0.805386
-0.806248
-0.806478
-0.804994
-0.805311
-0.803513
-0.805025
-0.820856
-0.743096
-0.474162
-0.638778
-0.771836
-0.811683
-0.804274
-0.807321
-0.808736
-0.808906
-0.805949
-0.801963
-0.80174
-0.799794
-0.798363
-0.79899
-0.799462
-0.799929
-0.796636
-0.799771
-0.822032
-0.694696
-0.22445
-0.27497
-0.670279
-0.809187
-0.811424
-0.809391
-0.814651
-0.811456
-0.806046
-0.79945
-0.801995
-0.803579
-0.801552
-0.802194
-0.80191
-0.803041
-0.799863
-0.800732
-0.830609
-0.699414
-0.201562
-0.695877
-0.776533
-0.811726
-0.805842
-0.807243
-0.81037
-0.80972
-0.810241
-0.805696
-0.803185
-0.802341
-0.801622
-0.800304
-0.800197
-0.801655
-0.798058
-0.79569
-0.833597
-0.725846
-0.273693
-0.831659
-0.814042
-0.813804
-0.803119
-0.799272
-0.801343
-0.806697
-0.808649
-0.808238
-0.806666
-0.802645
-0.799708
-0.796687
-0.797772
-0.798962
-0.79376
-0.793428
-0.843068
-0.703578
-0.168089
-0.406321
-0.712737
-0.814207
-0.808047
-0.805518
-0.804843
-0.817065
-0.819356
-0.816265
-0.819803
-0.821104
-0.823663
-0.827838
-0.826701
-0.829372
-0.82764
-0.833018
-0.871075
-0.58742
0.407787
-0.348359
-0.691388
-0.780138
-0.782283
-0.817627
-0.77809
-0.797959
-0.807195
-0.781188
-0.763056
-0.745397
-0.733454
-0.734985
-0.707131
-0.705212
-0.709412
-0.717062
-0.745936
-0.487297
0.461736
-0.579905
-0.693547
-0.643365
-0.71221
-0.783517
-0.583962
-0.652266
-0.698776
-0.653891
-0.577462
-0.488684
-0.439526
-0.423158
-0.28509
-0.260828
-0.250221
-0.236069
-0.255257
-0.317399
-0.248534
-0.0891029
-0.334483
-0.631458
-0.829367
-0.860492
-0.842402
-0.757317
-0.580113
-0.408767
-0.289903
-0.228881
-0.171444
-0.0959358
-0.0918202
-0.178161
-0.101376
0.0291744
-0.415201
-0.957096
-0.325989
-0.0654205
-0.47779
-0.663463
-0.721435
-0.72526
-0.743913
-0.787174
-0.814041
-0.828501
-0.834571
-0.8303
-0.843061
-0.867964
-0.848862
-0.846071
-0.855914
-0.849087
-0.858109
-0.679892
0.0757218
-0.241399
-0.597285
-0.724335
-0.728006
-0.725143
-0.725996
-0.725925
-0.72658
-0.731003
-0.734712
-0.735584
-0.754072
-0.720649
-0.664639
-0.729112
-0.736224
-0.718195
-0.724935
-0.568305
-0.206532
-0.557635
-0.746513
-0.807651
-0.79787
-0.797126
-0.800663
-0.795734
-0.784617
-0.778563
-0.776676
-0.766923
-0.739881
-0.729643
-0.779832
-0.814652
-0.792768
-0.774449
-0.782986
-0.750672
-0.723533
-0.730367
-0.797884
-0.798595
-0.796959
-0.800198
-0.796308
-0.799576
-0.80021
-0.792702
-0.793166
-0.795149
-0.794155
-0.804817
-0.811006
-0.789106
-0.791936
-0.803499
-0.805323
-0.806859
-0.809038
-0.810795
-0.806227
-0.799227
-0.792919
-0.79188
-0.794583
-0.795266
-0.80162
-0.806515
-0.792891
-0.779471
-0.777656
-0.788371
-0.794011
-0.802261
-0.803831
-0.786274
-0.788255
-0.771599
-0.70033
-0.804469
-0.783017
-0.798967
-0.799683
-0.792045
-0.786899
-0.786327
-0.795977
-0.77763
-0.754661
-0.779647
-0.789413
-0.795869
-0.778296
-0.765022
-0.775054
-0.783802
-0.799707
-0.769922
-0.670837
-0.776179
-0.79715
-0.79967
-0.801723
-0.800168
-0.787866
-0.792153
-0.783741
-0.749412
-0.764687
-0.760878
-0.752788
-0.762382
-0.769038
-0.766293
-0.772105
-0.791471
-0.785508
-0.768577
-0.778824
-0.795735
-0.810666
-0.794984
-0.78276
-0.786924
-0.795044
-0.794135
-0.783789
-0.793869
-0.792475
-0.776952
-0.779821
-0.775905
-0.786443
-0.806318
-0.784642
-0.762088
-0.75964
-0.755169
-0.754372
-0.76774
-0.7628
-0.783283
-0.777852
-0.779113
-0.805721
-0.786828
-0.755981
-0.776155
-0.794227
-0.807425
-0.800617
-0.796924
-0.785891
-0.780085
-0.777489
-0.770605
-0.766343
-0.698874
-0.538949
-0.672553
-0.719274
-0.768742
-0.776428
-0.764708
-0.76631
-0.754527
-0.725938
-0.725077
-0.737467
-0.723008
-0.704759
-0.718846
-0.723594
-0.697311
-0.714049
-0.739808
-0.7329
-0.624162
-0.375814
-0.582717
-0.730488
-0.784027
-0.788581
-0.789345
-0.765227
-0.743072
-0.770572
-0.782824
-0.751678
-0.731346
-0.735793
-0.733647
-0.74074
-0.753115
-0.739039
-0.734131
-0.753724
-0.691529
-0.539913
-0.566027
-0.753352
-0.799601
-0.785558
-0.807064
-0.829079
-0.796853
-0.773615
-0.777373
-0.785823
-0.793257
-0.800212
-0.791787
-0.787456
-0.805601
-0.799442
-0.79722
-0.800766
-0.682064
-0.422827
-0.848234
-0.810836
-0.802752
-0.800808
-0.784541
-0.747923
-0.756566
-0.79076
-0.793282
-0.804591
-0.806898
-0.800286
-0.79446
-0.792446
-0.797684
-0.791718
-0.799855
-0.796187
-0.544265
0.150819
-0.521903
-0.738275
-0.813879
-0.770999
-0.748632
-0.752632
-0.745799
-0.79795
-0.786432
-0.781664
-0.792081
-0.793879
-0.80468
-0.799366
-0.79759
-0.797226
-0.805767
-0.809555
-0.490249
0.474347
-0.65737
-0.803744
-0.780588
-0.746116
-0.789276
-0.802904
-0.751877
-0.800501
-0.814714
-0.783865
-0.780075
-0.7971
-0.794063
-0.794138
-0.794973
-0.794444
-0.803096
-0.808694
-0.448239
0.675518
-0.816744
-0.821772
-0.780069
-0.78129
-0.80843
-0.802035
-0.746861
-0.734908
-0.763844
-0.785774
-0.795347
-0.804343
-0.785816
-0.796468
-0.797145
-0.790085
-0.806339
-0.815121
-0.379933
0.965317
-0.425561
-0.692402
-0.773555
-0.791218
-0.801834
-0.804448
-0.8126
-0.782122
-0.75976
-0.781567
-0.797681
-0.821888
-0.827792
-0.832069
-0.837794
-0.828045
-0.839482
-0.842241
-0.348681
1.15567
-0.310219
-0.668748
-0.779247
-0.78849
-0.785877
-0.750163
-0.7783
-0.762978
-0.716922
-0.691765
-0.649605
-0.616099
-0.580619
-0.545221
-0.555537
-0.507448
-0.493918
-0.549214
-0.273146
0.706847
-0.520464
-0.706687
-0.775613
-0.798263
-0.693281
-0.49282
-0.426942
-0.325684
-0.265073
-0.148816
-0.00549952
0.084932
0.27126
0.429378
0.387451
0.565125
0.673712
0.471376
0.131967
0.145874
-0.292573
-0.285288
-0.578573
-0.682115
-0.534382
-0.459836
-0.589081
-0.738978
-0.785631
-0.799088
-0.80013
-0.809103
-0.855726
-0.842284
-0.75065
-0.808484
-0.852806
-0.654984
-0.220514
-0.17882
-0.0344167
-0.0618353
-0.197103
-0.280774
-0.22829
-0.166703
-0.19388
-0.242379
-0.259416
-0.234719
-0.168924
-0.298174
-0.607569
-0.295565
0.222571
0.118516
-0.0778188
0.0313079
0.198365
0.166667
-0.360982
-0.381666
-0.390325
-0.392711
-0.411317
-0.412842
-0.383271
-0.330256
-0.288745
-0.257617
-0.224207
-0.28146
-0.088742
0.208242
-0.135167
-0.177763
-0.0600697
-0.151031
-0.186709
-0.230227
-0.768196
-0.822034
-0.801937
-0.780917
-0.797719
-0.81487
-0.802993
-0.756829
-0.727335
-0.721317
-0.666851
-0.498449
-0.399121
-0.678439
-0.933657
-0.841358
-0.724061
-0.742726
-0.763844
-0.76297
-0.788896
-0.803591
-0.772732
-0.792786
-0.803665
-0.786259
-0.805383
-0.820065
-0.790596
-0.763322
-0.721731
-0.684945
-0.749089
-0.839694
-0.784931
-0.798725
-0.836781
-0.82967
-0.827021
-0.803715
-0.800617
-0.787984
-0.787787
-0.770921
-0.754469
-0.765012
-0.777983
-0.808185
-0.792155
-0.676088
-0.62951
-0.668453
-0.761949
-0.785109
-0.789994
-0.794594
-0.720729
-0.733928
-0.756773
-0.726053
-0.695251
-0.701337
-0.781873
-0.792999
-0.752028
-0.71847
-0.722885
-0.760548
-0.640751
-0.524874
-0.668532
-0.727538
-0.755693
-0.658496
-0.58529
-0.645545
-0.704724
-0.783529
-0.786845
-0.710011
-0.765038
-0.778241
-0.797794
-0.808833
-0.795756
-0.739199
-0.75865
-0.705769
-0.529804
-0.596076
-0.571462
-0.535999
-0.58642
-0.625873
-0.619562
-0.649745
-0.74125
-0.694821
-0.657661
-0.732382
-0.852291
-0.827766
-0.777585
-0.713398
-0.7308
-0.785969
-0.775334
-0.707216
-0.764022
-0.775395
-0.706592
-0.708375
-0.68871
-0.746781
-0.839534
-0.727996
-0.603664
-0.554968
-0.609527
-0.769413
-0.550039
-0.57018
-0.683145
-0.671415
-0.682588
-0.8142
-0.705171
-0.535394
-0.644848
-0.757089
-0.819694
-0.774661
-0.757729
-0.702367
-0.662599
-0.650112
-0.610137
-0.557622
-0.498159
-0.49843
-0.522148
-0.487259
-0.593084
-0.655624
-0.60713
-0.600221
-0.515243
-0.3672
-0.373704
-0.429309
-0.338677
-0.243872
-0.312804
-0.334753
-0.205229
-0.29518
-0.423334
-0.380378
-0.256328
-0.178844
-0.81102
-0.748476
-0.690024
-0.69531
-0.708377
-0.605893
-0.49935
-0.619316
-0.678528
-0.520578
-0.407824
-0.4241
-0.418955
-0.461091
-0.523416
-0.464634
-0.443089
-0.497504
-0.499574
-0.557679
-0.615019
-0.773657
-0.771785
-0.708384
-0.781274
-0.883591
-0.772314
-0.670829
-0.696598
-0.739084
-0.773724
-0.807323
-0.766262
-0.749
-0.836861
-0.81916
-0.796016
-0.736581
-0.573953
-0.609208
-0.839033
-0.769866
-0.746912
-0.753889
-0.642516
-0.487166
-0.555512
-0.750819
-0.779361
-0.821087
-0.828938
-0.812075
-0.787846
-0.770137
-0.791155
-0.788325
-0.804863
-0.714819
-0.398764
-0.179187
-0.643332
-0.783303
-0.762966
-0.582189
-0.512767
-0.525141
-0.495856
-0.784322
-0.748423
-0.701838
-0.73585
-0.752953
-0.804881
-0.785067
-0.76851
-0.788968
-0.811685
-0.761253
-0.450933
-0.146975
-0.706777
-0.823026
-0.583638
-0.516118
-0.736006
-0.79052
-0.531035
-0.77515
-0.863099
-0.718518
-0.69038
-0.76505
-0.765274
-0.778992
-0.773212
-0.792241
-0.81451
-0.77309
-0.453076
-0.0926241
-0.791582
-0.808698
-0.636645
-0.696495
-0.827962
-0.807367
-0.512339
-0.428438
-0.56913
-0.693501
-0.743666
-0.789314
-0.723944
-0.773066
-0.76581
-0.75805
-0.802867
-0.767019
-0.37827
0.117847
-0.482168
-0.640631
-0.644273
-0.731205
-0.792296
-0.804166
-0.771682
-0.615295
-0.546286
-0.638658
-0.722701
-0.826152
-0.816857
-0.836393
-0.837283
-0.824818
-0.870453
-0.814556
-0.335586
0.287572
-0.530525
-0.692433
-0.731813
-0.769161
-0.781699
-0.696366
-0.830495
-0.917349
-0.902355
-0.874894
-0.810328
-0.735124
-0.681295
-0.668838
-0.687514
-0.624989
-0.637703
-0.623376
-0.260035
0.0999352
-0.722772
-0.745029
-0.792135
-0.792951
-0.682267
-0.396781
-0.496199
-0.641307
-0.624456
-0.505516
-0.399056
-0.303605
-0.144824
-0.126801
-0.21048
-0.0164631
0.00277537
-0.145234
-0.149388
-0.15905
